50
10
0.28 0.03 0.33 0.67 0.14 0.47 0.83 0.56 0.86 0.92
0.50 0.58 0.22 0.69 0.75 0.61 0.64 0.42 0.53 0.94
9
0.37 0.89 0.57 0.14 0.98 0.48 0.62 0.82 0.83
0.85 0.74 0.68 0.66 0.55 0.17 0.11 0.08 0.51
3
0.21 0.57 0.36
0.14 0.71 0.79
1
0.7
0.3
4
0.89 0.22 0.72 0.14
0.42 0.17 0.31 0.33
2
0.18 0.41
0.47 0.35
4
0.64 0.67 0.85 0.73
0.03 0.48 0.30 0.61
10
0.64 0.50 0.44 0.54 0.78 0.37 0.36 0.96 0.74 0.92
0.52 0.67 0.53 0.39 0.10 0.93 0.26 0.43 0.97 0.32
5
0.29 0.21 0.64 0.36 0.86
0.57 0.93 0.71 0.14 0.43
10
0.42 0.14 0.91 0.19 0.33 0.56 0.07 0.44 0.51 0.81
0.95 0.05 0.60 0.37 0.70 0.74 0.72 0.02 0.93 0.88
7
0.21 0.38 0.79 0.66 0.41 0.93 0.72
0.07 0.97 0.48 0.90 0.14 0.76 0.10
2
0.68 0.16
0.79 0.63
6
0.46 0.31 0.71 0.72 0.98 0.55
0.57 0.88 0.20 0.45 0.03 0.68
9
0.22 0.06 0.58 0.70 0.07 0.16 0.78 0.34 0.28
0.87 0.82 0.49 0.94 0.41 0.64 0.81 0.73 0.31
10
0.333 0.588 0.922 0.265 0.039 0.578 0.176 0.294 0.990 0.716
0.706 0.363 0.843 0.314 0.118 0.098 0.088 0.637 0.657 0.353
10
0.27 0.03 0.79 0.70 0.85 0.52 0.73 0.21 0.58 0.82
0.76 0.94 0.24 0.15 0.06 0.36 0.48 0.09 0.45 0.61
10
0.72 0.39 0.34 0.10 0.61 0.52 0.28 0.49 0.79 0.30
0.98 0.54 0.87 0.67 0.18 0.85 0.90 0.84 0.05 0.56
10
0.98 0.97 0.73 0.72 0.90 0.57 0.87 0.93 0.53 0.83
0.22 0.43 0.07 0.23 0.17 0.02 0.28 0.27 0.03 0.30
10
0.36 0.89 0.63 0.96 0.16 0.15 0.12 0.80 0.99 0.76
0.97 0.85 0.27 0.65 0.29 0.69 0.23 0.13 0.31 0.52
4
0.27 0.18 0.55 0.93
0.02 0.73 0.45 0.80
6
0.81 0.12 0.62 0.25 0.44 0.50
0.88 0.19 0.69 0.31 0.38 0.94
2
0.32 0.47
0.84 0.95
10
0.168 0.983 0.672 0.311 0.395 0.143 0.227 0.706 0.622 0.244
0.824 0.487 0.479 0.008 0.118 0.277 0.588 0.176 0.731 0.840
10
0.903 0.660 0.718 0.699 0.786 0.942 0.806 0.981 0.883 0.524
0.184 0.447 0.029 0.515 0.233 0.369 0.019 0.388 0.252 0.126
9
0.04 0.87 0.83 0.67 0.17 0.79 0.29 0.54 0.50
0.12 0.58 0.75 0.92 0.21 0.46 0.08 0.33 0.71
10
0.085 0.462 0.726 0.906 0.128 0.291 0.034 0.556 0.521 0.487
0.265 0.179 0.197 0.402 0.607 0.427 0.863 0.316 0.641 0.299
10
0.22 0.28 0.34 0.85 0.26 0.57 0.43 0.15 0.51 0.60
0.35 0.76 0.13 0.16 0.97 0.18 0.04 0.75 0.47 0.53
10
0.23 0.50 0.14 0.37 0.81 0.08 0.04 0.69 0.10 0.82
0.96 0.31 0.99 0.06 0.56 0.38 0.63 0.66 0.51 0.78
10
0.56 0.36 0.43 0.55 0.29 0.57 0.16 0.33 0.61 0.75
0.23 0.19 0.45 0.72 0.25 0.76 0.11 0.63 0.40 0.17
3
0.35 0.82 0.47
0.53 0.62 0.24
1
0.9
0.5
2
0.93 0.50
0.29 0.07
10
0.56 0.75 0.92 0.99 0.88 0.80 0.86 0.57 0.12 0.53
0.54 0.94 0.85 0.61 0.38 0.65 0.45 0.35 0.76 0.15
10
0.31 0.51 0.55 0.67 0.92 0.61 0.27 0.33 0.63 0.10
0.18 0.02 0.29 0.84 0.65 0.06 0.08 0.16 0.94 0.41
10
0.68 0.29 0.36 0.96 0.64 0.71 0.07 0.57 0.14 0.32
0.39 0.82 0.61 0.93 0.21 0.79 0.86 0.25 0.43 0.50
3
0.9 0.2 0.6
0.3 0.5 0.1
4
0.91 0.59 0.38 0.94
0.41 0.85 0.82 0.12
7
0.74 0.25 0.83 0.60 0.97 0.03 0.89
0.68 0.75 0.29 0.32 0.18 0.31 0.95
10
0.63 0.68 0.78 0.80 0.82 0.26 0.87 0.76 0.61 0.37
0.62 0.52 0.16 0.67 0.24 0.18 0.86 0.39 0.44 0.33
10
0.68 0.66 0.81 0.25 0.34 0.26 0.57 0.05 0.08 0.04
0.73 0.71 0.42 0.60 0.52 0.84 0.53 0.61 0.96 0.74
10
0.39 0.68 0.24 0.37 0.85 0.05 0.15 0.71 0.34 0.29
0.80 0.41 0.12 0.32 0.73 0.51 0.56 0.49 0.78 0.76
2
0.62 0.50
0.94 0.88
7
0.21 0.18 0.08 0.50 0.69 0.42 0.54
0.03 0.63 0.31 0.35 0.29 0.14 0.26
10
0.32 0.29 0.25 0.09 0.36 0.31 0.35 0.21 0.03 0.10
0.38 0.96 0.58 0.43 0.42 0.52 0.66 0.81 0.61 0.78
5
0.72 0.62 0.68 0.89 0.66
0.34 0.04 0.32 0.11 0.38
10
0.83 0.64 0.69 0.97 0.75 0.89 0.86 0.67 0.78 0.72
0.47 0.42 0.44 0.06 0.56 0.14 0.19 0.31 0.50 0.17
4
0.55 0.18 0.91 0.27
0.82 0.45 0.64 0.73
10
0.88 0.48 0.62 0.12 0.54 0.60 0.42 0.31 0.63 0.21
0.58 0.69 0.50 0.06 0.67 0.17 0.96 0.98 0.08 0.56
6
0.67 0.23 0.93 0.90 0.53 0.27
0.13 0.70 0.73 0.33 0.37 0.77
10
0.77 0.81 0.98 0.79 0.23 0.62 0.26 0.43 0.42 0.64
0.72 0.60 0.02 0.04 0.57 0.30 0.19 0.89 0.06 0.92
