50
6
0.95 0.57 0.98 0.91 0.59 0.66
0.26 0.48 0.38 0.17 0.41 0.53
10
0.35 0.47 0.18 0.50 0.12 0.21 0.38 0.24 0.29 0.09
0.88 0.97 0.62 0.94 0.65 0.71 0.85 0.91 0.56 0.74
10
0.703 0.921 0.069 0.545 0.317 0.743 0.832 0.822 0.713 0.129
0.208 0.109 0.347 0.842 0.624 0.535 0.040 0.980 0.267 0.485
10
0.95 0.51 0.12 0.45 0.86 0.15 0.58 0.05 0.43 0.89
0.52 0.67 0.01 0.40 0.21 0.35 0.66 0.53 0.04 0.25
10
0.148 0.704 0.435 0.565 0.522 0.313 0.043 0.539 0.991 0.730
0.826 0.026 0.661 0.070 0.652 0.852 0.757 0.774 0.009 0.513
1
0.8
0.9
1
0.3
0.7
7
0.19 0.64 0.75 0.42 0.69 0.11 0.81
0.14 0.28 0.39 0.92 0.56 0.47 0.86
1
0.1
0.6
10
0.27 0.84 0.81 0.54 0.76 0.30 0.69 0.85 0.40 0.58
0.13 0.03 0.87 0.31 0.67 0.94 0.97 0.15 0.36 0.37
7
0.10 0.23 0.60 0.80 0.77 0.67 0.33
0.20 0.83 0.50 0.43 0.63 0.07 0.53
2
0.87 0.27
0.07 0.47
10
0.70 0.35 0.19 0.06 0.48 0.63 0.55 0.88 0.76 0.74
0.32 0.60 0.50 0.80 0.08 0.46 0.02 0.58 0.13 0.10
8
0.09 0.56 0.51 0.42 0.86 0.93 0.04 0.23
0.35 0.73 0.15 0.96 0.60 0.53 0.38 0.71
7
0.67 0.06 0.14 0.88 0.73 0.45 0.90
0.53 0.47 0.86 0.51 0.10 0.08 0.02
9
0.614 0.950 0.515 0.574 0.158 0.485 0.653 0.683 0.495
0.901 0.812 0.386 0.089 0.010 0.832 0.069 0.931 0.921
10
0.32 0.08 0.33 0.20 0.24 0.02 0.27 0.35 0.29 0.26
0.97 0.73 0.80 0.61 0.42 0.52 0.86 0.98 0.48 0.55
10
0.72 0.64 0.05 0.26 0.69 0.08 0.03 0.62 0.74 0.46
0.95 0.54 0.67 0.31 0.28 0.59 0.56 0.21 0.36 0.51
10
0.94 0.56 0.89 0.52 0.98 0.74 0.80 0.87 0.72 0.57
0.07 0.19 0.37 0.43 0.50 0.31 0.39 0.28 0.20 0.11
6
0.14 0.07 0.21 0.10 0.28 0.17
0.66 0.76 0.45 0.97 0.83 0.62
10
0.77 0.46 0.19 0.08 0.23 0.54 0.31 0.38 0.96 0.73
0.92 0.65 0.42 0.12 0.81 0.27 0.88 0.85 0.69 0.58
9
0.61 0.13 0.06 0.31 0.45 0.86 0.79 0.42 0.59
0.74 0.98 0.96 0.91 0.20 0.97 0.85 0.95 0.47
10
0.10 0.25 0.80 0.70 0.73 0.42 0.02 0.47 0.40 0.97
0.52 0.65 0.30 0.85 0.67 0.82 0.62 0.37 0.92 0.48
10
0.53 0.12 0.23 0.78 0.45 0.81 0.61 0.31 0.42 0.44
0.84 0.60 0.77 0.29 0.08 0.14 0.39 0.62 0.34 0.92
4
0.96 0.74 0.30 0.04
0.33 0.93 0.89 0.15
10
0.64 0.53 0.84 0.93 0.55 0.49 0.40 0.98 0.58 0.73
0.35 0.16 0.07 0.20 0.29 0.04 0.11 0.38 0.15 0.18
8
0.78 0.98 0.16 0.76 0.33 0.52 0.97 0.49
0.81 0.35 0.29 0.68 0.83 0.51 0.08 0.90
9
0.25 0.62 0.35 0.31 0.66 0.85 0.65 0.54 0.77
0.15 0.04 0.42 0.73 0.52 0.49 0.14 0.01 0.32
6
0.51 0.56 0.63 0.93 0.44 0.39
0.73 0.37 0.95 0.98 0.17 0.88
4
0.4 0.9 0.1 0.3
0.2 0.8 0.7 0.6
10
0.06 0.29 0.35 0.23 0.33 0.94 0.49 0.52 0.05 0.32
0.54 0.11 0.39 0.92 0.41 0.25 0.71 0.91 0.90 0.78
10
0.80 0.95 0.33 0.97 0.68 0.28 0.93 0.07 0.57 0.20
0.05 0.45 0.35 0.02 0.83 0.63 0.88 0.48 0.67 0.87
10
0.27 0.98 0.54 0.20 0.93 0.46 0.24 0.73 0.05 0.39
0.32 0.51 0.95 0.07 0.78 0.83 0.59 0.15 0.90 0.61
4
0.86 0.67 0.52 0.10
0.05 0.29 0.62 0.14
4
0.89 0.84 0.53 0.37
0.74 0.79 0.26 0.63
2
0.79 0.67
0.46 0.12
10
0.21 0.59 0.07 0.56 0.92 0.77 0.70 0.84 0.54 0.74
0.72 0.44 0.10 0.26 0.79 0.08 0.28 0.85 0.48 0.13
10
0.51 0.34 0.84 0.20 0.73 0.60 0.61 0.35 0.04 0.12
0.47 0.75 0.59 0.88 0.67 0.83 0.42 0.29 0.17 0.33
10
0.05 0.41 0.26 0.82 0.22 0.23 0.44 0.12 0.96 0.03
0.63 0.95 0.75 0.40 0.79 0.47 0.73 0.48 0.70 0.25
10
0.083 0.898 0.806 0.731 0.833 0.204 0.167 0.907 0.981 0.593
0.861 0.426 0.074 0.935 0.380 0.722 0.963 0.222 0.306 0.546
10
0.37 0.57 0.48 0.58 0.54 0.11 0.31 0.80 0.94 0.74
0.34 0.65 0.15 0.35 0.55 0.75 0.51 0.18 0.95 0.32
10
0.72 0.96 0.59 0.78 0.89 0.53 0.39 0.58 0.03 0.14
0.92 0.07 0.27 0.70 0.24 0.82 0.35 0.19 0.32 0.13
10
0.45 0.22 0.36 0.06 0.32 0.01 0.54 0.21 0.65 0.97
0.07 0.03 0.48 0.30 0.82 0.61 0.05 0.96 0.57 0.33
10
0.776 0.414 0.147 0.379 0.362 0.216 0.879 0.103 0.043 0.491
0.940 0.690 0.526 0.483 0.034 0.931 0.914 0.802 0.836 0.655
10
0.89 0.37 0.41 0.22 0.78 0.70 0.19 0.81 0.44 0.85
0.56 0.07 0.48 0.67 0.63 0.52 0.15 0.93 0.59 0.74
9
0.56 0.44 0.67 0.28 0.94 0.97 0.50 0.47 0.33
0.03 0.06 0.17 0.11 0.22 0.25 0.14 0.19 0.08
10
0.040 0.723 0.950 0.564 0.881 0.050 0.515 0.267 0.812 0.099
0.188 0.020 0.455 0.069 0.257 0.634 0.495 0.475 0.505 0.356
5
0.89 0.16 0.09 0.27 0.02
0.98 0.55 0.64 0.77 0.70
4
0.26 0.63 0.93 0.61
0.48 0.59 0.72 0.70
9
0.41 0.04 0.26 0.33 0.07 0.44 0.15 0.22 0.19
0.74 0.93 0.81 0.70 0.78 0.48 0.52 0.63 0.67
