50
1
0.4
0.2
2
0.4 0.2
0.8 0.6
10
0.06 0.37 0.09 0.34 0.03 0.31 0.26 0.11 0.20 0.14
0.74 0.49 0.46 0.66 0.80 0.97 0.43 0.60 0.94 0.77
10
0.09 0.40 0.67 0.37 0.84 0.29 0.76 0.57 0.21 0.74
0.83 0.06 0.95 0.91 0.03 0.01 0.10 0.17 0.02 0.34
1
0.27
0.82
7
0.38 0.17 0.33 0.04 0.29 0.12 0.21
0.79 0.71 0.96 0.67 0.42 0.87 0.62
1
0.5
0.8
8
0.03 0.11 0.06 0.58 0.14 0.56 0.36 0.25
0.86 0.17 0.19 0.78 0.81 0.50 0.64 0.97
7
0.27 0.82 0.20 0.33 0.71 0.49 0.73
0.96 0.08 0.80 0.22 0.59 0.76 0.65
10
0.43 0.61 0.39 0.17 0.59 0.33 0.70 0.45 0.10 0.14
0.97 0.64 0.01 0.93 0.77 0.26 0.06 0.16 0.07 0.75
2
0.55 0.36
0.27 0.09
10
0.09 0.78 0.43 0.13 0.87 0.83 0.52 0.04 0.48 0.26
0.61 0.30 0.22 0.91 0.96 0.70 0.39 0.57 0.35 0.74
10
0.50 0.21 0.32 0.03 0.58 0.08 0.13 0.11 0.53 0.16
0.76 0.89 0.61 0.87 0.84 0.74 0.66 0.92 0.95 0.97
10
0.88 0.85 0.65 0.10 0.63 0.15 0.30 0.17 0.95 0.90
0.12 0.48 0.05 0.33 0.50 0.68 0.55 0.43 0.45 0.93
9
0.86 0.59 0.65 0.69 0.51 0.49 0.53 0.94 0.88
0.67 0.61 0.84 0.41 0.22 0.73 0.76 0.16 0.90
10
0.95 0.93 0.72 0.77 0.60 0.81 0.70 0.65 0.86 0.74
0.02 0.28 0.19 0.05 0.49 0.12 0.47 0.16 0.40 0.09
10
0.67 0.68 0.96 0.65 0.64 0.45 0.85 0.47 0.23 0.88
0.19 0.50 0.99 0.01 0.73 0.24 0.51 0.29 0.06 0.72
10
0.40 0.20 0.04 0.88 0.28 0.76 0.56 0.36 0.60 0.24
0.32 0.80 0.16 0.52 0.84 0.08 0.68 0.72 0.64 0.12
10
0.46 0.34 0.36 0.39 0.33 0.01 0.04 0.12 0.45 0.25
0.96 0.95 0.94 0.54 0.51 0.98 0.93 0.88 0.49 0.68
10
0.70 0.79 0.64 0.97 0.91 0.82 0.85 0.61 0.55 0.58
0.06 0.42 0.33 0.27 0.03 0.15 0.21 0.45 0.30 0.12
7
0.79 0.88 0.82 0.63 0.94 0.62 0.91
0.09 0.57 0.21 0.46 0.10 0.40 0.53
10
0.42 0.04 0.11 0.64 0.02 0.07 0.56 0.18 0.44 0.69
0.27 0.71 0.16 0.40 0.62 0.33 0.22 0.31 0.36 0.58
10
0.61 0.26 0.79 0.12 0.96 0.39 0.88 0.60 0.89 0.98
0.07 0.93 0.14 0.05 0.86 0.11 0.65 0.18 0.35 0.02
10
0.745 0.811 0.925 0.953 0.717 0.962 0.689 0.755 0.698 0.802
0.236 0.594 0.660 0.377 0.462 0.094 0.292 0.406 0.651 0.019
10
0.891 0.845 0.364 0.082 0.773 0.673 0.855 0.427 0.545 0.200
0.100 0.109 0.245 0.618 0.736 0.091 0.264 0.718 0.291 0.782
7
0.29 0.45 0.35 0.10 0.26 0.03 0.42
0.94 0.77 0.74 0.84 0.58 0.55 0.52
1
0.3
0.7
10
0.03 0.21 0.13 0.30 0.31 0.35 0.27 0.11 0.41 0.38
0.42 0.87 0.97 0.44 0.66 0.80 0.86 0.68 0.46 0.94
6
0.81 0.65 0.12 0.44 0.41 0.99
0.69 0.19 0.37 0.60 0.91 0.97
2
0.3 0.6
0.8 0.4
10
0.95 0.65 0.51 0.88 0.84 0.86 0.72 0.82 0.63 0.79
0.16 0.18 0.26 0.07 0.33 0.12 0.42 0.19 0.05 0.09
1
0.8
0.7
1
0.91
0.27
2
0.8 0.2
0.1 0.6
10
0.39 0.90 0.51 0.59 0.73 0.69 0.27 0.53 0.10 0.41
0.20 0.31 0.63 0.92 0.37 0.86 0.88 0.45 0.04 0.55
10
0.75 0.12 0.24 0.81 0.51 0.80 0.38 0.93 0.29 0.55
0.25 0.77 0.84 0.05 0.41 0.72 0.95 0.89 0.31 0.40
10
0.27 0.41 0.95 0.77 0.32 0.68 0.50 0.73 0.09 0.55
0.91 0.86 0.18 0.05 0.14 0.36 0.23 0.59 0.45 0.82
10
0.49 0.53 0.46 0.69 0.76 0.43 0.91 0.57 0.96 0.68
0.15 0.03 0.32 0.34 0.06 0.26 0.16 0.31 0.38 0.09
10
0.12 0.29 0.21 0.17 0.04 0.42 0.33 0.08 0.38 0.25
0.79 0.87 0.96 0.92 0.62 0.67 0.58 0.46 0.75 0.71
9
0.44 0.46 0.58 0.36 0.51 0.90 0.29 0.34 0.66
0.05 0.63 0.20 0.61 0.80 0.93 0.25 0.69 0.07
3
0.6 0.9 0.8
0.1 0.4 0.2
10
0.16 0.61 0.07 0.86 0.54 0.41 0.70 0.59 0.96 0.32
0.04 0.29 0.20 0.93 0.50 0.21 0.34 0.82 0.98 0.55
9
0.45 0.95 0.30 0.47 0.61 0.70 0.22 0.06 0.50
0.55 0.36 0.80 0.27 0.14 0.58 0.44 0.09 0.23
10
0.50 0.35 0.42 0.85 0.27 0.29 0.15 0.58 0.19 0.48
0.88 0.96 0.52 0.81 0.90 0.67 0.31 0.04 0.44 0.10
7
0.04 0.06 0.27 0.29 0.35 0.39 0.31
0.82 0.86 0.75 0.96 0.49 0.73 0.45
1
0.67
0.83
10
0.17 0.19 0.11 0.40 0.48 0.46 0.29 0.56 0.05 0.06
0.76 0.98 0.81 0.68 0.62 0.90 0.83 0.92 0.70 0.78
10
0.36 0.06 0.22 0.26 0.17 0.29 0.32 0.13 0.05 0.31
0.51 0.71 0.75 0.48 0.52 0.39 0.68 0.58 0.73 0.38
6
0.17 0.88 0.29 0.06 0.27 0.81
0.96 0.65 0.62 0.12 0.40 0.10
5
0.03 0.53 0.33 0.73 0.63
0.90 0.30 0.40 0.50 0.97
