50
10
0.982 0.409 0.364 0.564 0.236 0.127 0.873 0.355 0.436 0.155
0.109 0.418 0.264 0.627 0.373 0.691 0.100 0.936 0.573 0.473
6
0.26 0.15 0.17 0.20 0.04 0.09
0.65 0.76 0.35 0.87 0.63 0.96
8
0.89 0.63 0.03 0.22 0.93 0.68 0.07 0.53
0.17 0.81 0.28 0.54 0.80 0.06 0.76 0.24
10
0.27 0.93 0.38 0.84 0.36 0.47 0.16 0.24 0.02 0.73
0.76 0.33 0.04 0.49 0.69 0.31 0.64 0.87 0.58 0.67
10
0.41 0.54 0.20 0.15 0.22 0.11 0.09 0.33 0.39 0.04
0.80 0.96 0.76 0.89 0.85 0.93 0.57 0.98 0.74 0.61
10
0.429 0.812 0.339 0.196 0.973 0.670 0.571 0.107 0.607 0.634
0.054 0.804 0.964 0.134 0.232 0.795 0.661 0.491 0.330 0.125
2
0.3 0.1
0.9 0.4
10
0.40 0.05 0.73 0.30 0.83 0.15 0.10 0.78 0.58 0.22
0.98 0.50 0.75 0.48 0.12 0.95 0.27 0.08 0.33 0.88
6
0.24 0.12 0.82 0.48 0.64 0.76
0.79 0.88 0.94 0.39 0.42 0.58
10
0.29 0.42 0.93 0.49 0.81 0.99 0.57 0.14 0.90 0.68
0.71 0.17 0.97 0.06 0.70 0.07 0.59 0.01 0.91 0.55
7
0.68 0.74 0.26 0.16 0.18 0.78 0.72
0.08 0.56 0.12 0.70 0.50 0.90 0.46
1
0.3
0.7
10
0.523 0.972 0.505 0.785 0.542 0.953 0.364 0.776 0.280 0.991
0.252 0.421 0.738 0.598 0.673 0.794 0.150 0.869 0.645 0.617
3
0.97 0.70 0.42
0.12 0.58 0.33
2
0.17 0.39
0.61 0.96
5
0.95 0.22 0.86 0.97 0.27
0.49 0.11 0.57 0.68 0.16
10
0.81 0.70 0.15 0.18 0.31 0.20 0.38 0.88 0.54 0.51
0.73 0.45 0.84 0.35 0.82 0.16 0.12 0.66 0.07 0.77
10
0.77 0.97 0.84 0.94 0.86 0.79 0.91 0.95 0.62 0.66
0.32 0.57 0.29 0.60 0.06 0.34 0.36 0.58 0.18 0.42
1
0.5
0.2
1
0.4
0.2
1
0.2
0.8
10
0.65 0.19 0.81 0.83 0.08 0.74 0.73 0.71 0.53 0.30
0.99 0.64 0.91 0.97 0.29 0.49 0.31 0.42 0.51 0.06
10
0.233 0.495 0.262 0.709 0.845 0.359 0.670 0.019 0.447 0.369
0.951 0.621 0.476 0.117 0.903 0.097 0.437 0.204 0.320 0.893
10
0.21 0.01 0.09 0.43 0.16 0.40 0.97 0.87 0.49 0.57
0.31 0.36 0.62 0.32 0.29 0.66 0.68 0.22 0.47 0.82
10
0.10 0.33 0.08 0.23 0.29 0.44 0.35 0.54 0.46 0.48
0.58 0.60 0.77 0.79 0.90 0.62 0.65 0.83 0.92 0.85
3
0.79 0.64 0.43
0.14 0.86 0.50
10
0.46 0.17 0.25 0.21 0.08 0.12 0.29 0.04 0.33 0.42
0.71 0.92 0.54 0.62 0.79 0.58 0.96 0.75 0.83 0.50
10
0.974 0.641 0.436 0.795 0.350 0.103 0.521 0.342 0.282 0.308
0.248 0.410 0.299 0.462 0.402 0.932 0.650 0.957 0.940 0.171
9
0.26 0.52 0.37 0.96 0.89 0.56 0.15 0.93 0.63
0.04 0.81 0.67 0.30 0.19 0.41 0.11 0.59 0.74
10
0.089 0.347 0.673 0.366 0.406 0.614 0.535 0.248 0.653 0.683
0.861 0.168 0.317 0.079 0.455 0.139 0.099 0.960 0.446 0.584
10
0.47 0.31 0.10 0.39 0.04 0.14 0.49 0.24 0.57 0.25
0.78 0.63 0.86 0.94 0.82 0.69 0.65 0.98 0.88 0.76
6
0.06 0.42 0.74 0.61 0.19 0.87
0.23 0.71 0.10 0.16 0.26 0.58
3
0.64 0.50 0.29
0.21 0.07 0.57
10
0.90 0.17 0.34 0.97 0.21 0.31 0.41 0.38 0.79 0.76
0.72 0.45 0.28 0.62 0.03 0.66 0.83 0.14 0.59 0.07
5
0.34 0.26 0.40 0.03 0.14
0.51 0.74 0.69 0.86 0.54
10
0.71 0.18 0.07 0.51 0.34 0.09 0.31 0.24 0.32 0.35
0.25 0.10 0.65 0.17 0.95 0.88 0.30 0.28 0.56 0.42
10
0.15 0.26 0.05 0.18 0.01 0.32 0.22 0.27 0.41 0.25
0.88 0.92 0.53 0.81 0.59 0.86 0.90 0.60 0.77 0.79
10
0.794 0.118 0.814 0.618 0.010 0.941 0.431 0.020 0.598 0.608
0.480 0.578 0.422 0.961 0.990 0.804 0.853 0.176 0.235 0.471
1
0.08
0.42
3
0.9 0.7 0.6
0.3 0.4 0.1
10
0.98 0.91 0.27 0.37 0.28 0.52 0.71 0.36 0.38 0.24
0.76 0.97 0.07 0.60 0.80 0.56 0.51 0.79 0.54 0.39
10
0.613 0.396 0.123 0.491 0.472 0.981 0.575 0.736 0.896 0.170
0.283 0.292 0.198 0.208 0.651 0.038 0.953 0.679 0.840 0.604
10
0.46 0.03 0.57 0.51 0.14 0.29 0.89 0.37 0.66 0.23
0.20 0.77 0.40 0.69 0.80 0.34 0.94 0.17 0.60 0.43
10
0.24 0.69 0.94 0.70 0.41 0.72 0.67 0.80 0.78 0.17
0.26 0.76 0.57 0.37 0.48 0.50 0.83 0.54 0.44 0.87
8
0.38 0.29 0.19 0.24 0.10 0.48 0.43 0.05
0.76 0.52 0.95 0.62 0.90 0.81 0.67 0.57
10
0.417 0.466 0.573 0.563 0.816 0.990 0.515 0.398 0.796 0.670
0.165 0.097 0.282 0.252 0.117 0.320 0.146 0.291 0.136 0.301
10
0.17 0.60 0.45 0.50 0.25 0.20 0.15 0.53 0.35 0.59
0.16 0.09 0.72 0.64 0.99 0.47 0.75 0.51 0.02 0.63
10
0.965 0.619 0.159 0.212 0.805 0.929 0.920 0.265 0.611 0.062
0.319 0.460 0.770 0.398 0.646 0.088 0.761 0.735 0.549 0.655
10
0.30 0.33 0.24 0.28 0.27 0.12 0.22 0.31 0.10 0.15
0.94 0.57 0.60 0.69 0.92 0.62 0.74 0.54 0.66 0.35
10
0.12 0.14 0.69 0.24 0.48 0.21 0.07 0.67 0.71 0.93
0.40 0.86 0.52 0.29 0.38 0.36 0.19 0.05 0.74 0.76
