1 2 3 0
1 3 2 0
1 4 5 0
1 5 4 0
1 6 7 0
1 7 6 0
1 8 9 0
1 9 8 0
1 10 11 0
1 11 10 0
1 12 13 0
1 13 12 0
1 14 15 0
1 15 14 0
1 16 17 0
1 17 16 0
1 18 19 0
1 19 18 0
1 20 21 0
1 21 20 0
1 22 23 0
1 23 22 0
1 24 25 0
1 25 24 0
1 26 27 0
1 27 26 0
1 28 29 0
1 29 28 0
1 30 31 0
1 31 30 0
1 32 33 0
1 33 32 0
1 34 35 0
1 35 34 0
1 36 37 0
1 37 36 0
1 38 39 0
1 39 38 0
1 40 41 0
1 41 40 0
1 42 43 0
1 43 42 0
1 44 45 0
1 45 44 0
1 46 47 0
1 47 46 0
1 48 49 0
1 49 48 0
1 50 51 0
1 51 50 0
1 52 53 0
1 53 52 0
1 54 55 0
1 55 54 0
1 56 57 0
1 57 56 0
1 58 59 0
1 59 58 0
1 60 61 0
1 61 60 0
1 62 63 0
1 63 62 0
1 64 65 0
1 65 64 0
1 66 67 0
1 67 66 0
1 68 69 0
1 69 68 0
1 70 71 0
1 71 70 0
1 72 73 0
1 73 72 0
1 74 75 0
1 75 74 0
1 76 77 0
1 77 76 0
1 78 79 0
1 79 78 0
1 80 81 0
1 81 80 0
1 82 83 0
1 83 82 0
1 84 85 0
1 85 84 0
1 86 87 0
1 87 86 0
1 88 89 0
1 89 88 0
1 90 91 0
1 91 90 0
1 92 93 0
1 93 92 0
1 94 95 0
1 95 94 0
1 96 97 0
1 97 96 0
1 98 99 0
1 99 98 0
2 1 3 0
2 3 1 0
2 4 6 0
2 5 7 0
2 6 4 0
2 7 5 0
2 8 10 0
2 9 11 0
2 10 8 0
2 11 9 0
2 12 14 0
2 13 15 0
2 14 12 0
2 15 13 0
2 16 18 0
2 17 19 0
2 18 16 0
2 19 17 0
2 20 22 0
2 21 23 0
2 22 20 0
2 23 21 0
2 24 26 0
2 25 27 0
2 26 24 0
2 27 25 0
2 28 30 0
2 29 31 0
2 30 28 0
2 31 29 0
2 32 34 0
2 33 35 0
2 34 32 0
2 35 33 0
2 36 38 0
2 37 39 0
2 38 36 0
2 39 37 0
2 40 42 0
2 41 43 0
2 42 40 0
2 43 41 0
2 44 46 0
2 45 47 0
2 46 44 0
2 47 45 0
2 48 50 0
2 49 51 0
2 50 48 0
2 51 49 0
2 52 54 0
2 53 55 0
2 54 52 0
2 55 53 0
2 56 58 0
2 57 59 0
2 58 56 0
2 59 57 0
2 60 62 0
2 61 63 0
2 62 60 0
2 63 61 0
2 64 66 0
2 65 67 0
2 66 64 0
2 67 65 0
2 68 70 0
2 69 71 0
2 70 68 0
2 71 69 0
2 72 74 0
2 73 75 0
2 74 72 0
2 75 73 0
2 76 78 0
2 77 79 0
2 78 76 0
2 79 77 0
2 80 82 0
2 81 83 0
2 82 80 0
2 83 81 0
2 84 86 0
2 85 87 0
2 86 84 0
2 87 85 0
2 88 90 0
2 89 91 0
2 90 88 0
2 91 89 0
2 92 94 0
2 93 95 0
2 94 92 0
2 95 93 0
2 96 98 0
2 97 99 0
2 98 96 0
2 99 97 0
3 1 2 0
3 2 1 0
3 4 7 0
3 5 6 0
3 6 5 0
3 7 4 0
3 8 11 0
3 9 10 0
3 10 9 0
3 11 8 0
3 12 15 0
3 13 14 0
3 14 13 0
3 15 12 0
3 16 19 0
3 17 18 0
3 18 17 0
3 19 16 0
3 20 23 0
3 21 22 0
3 22 21 0
3 23 20 0
3 24 27 0
3 25 26 0
3 26 25 0
3 27 24 0
3 28 31 0
3 29 30 0
3 30 29 0
3 31 28 0
3 32 35 0
3 33 34 0
3 34 33 0
3 35 32 0
3 36 39 0
3 37 38 0
3 38 37 0
3 39 36 0
3 40 43 0
3 41 42 0
3 42 41 0
3 43 40 0
3 44 47 0
3 45 46 0
3 46 45 0
3 47 44 0
3 48 51 0
3 49 50 0
3 50 49 0
3 51 48 0
3 52 55 0
3 53 54 0
3 54 53 0
3 55 52 0
3 56 59 0
3 57 58 0
3 58 57 0
3 59 56 0
3 60 63 0
3 61 62 0
3 62 61 0
3 63 60 0
3 64 67 0
3 65 66 0
3 66 65 0
3 67 64 0
3 68 71 0
3 69 70 0
3 70 69 0
3 71 68 0
3 72 75 0
3 73 74 0
3 74 73 0
3 75 72 0
3 76 79 0
3 77 78 0
3 78 77 0
3 79 76 0
3 80 83 0
3 81 82 0
3 82 81 0
3 83 80 0
3 84 87 0
3 85 86 0
3 86 85 0
3 87 84 0
3 88 91 0
3 89 90 0
3 90 89 0
3 91 88 0
3 92 95 0
3 93 94 0
3 94 93 0
3 95 92 0
3 96 99 0
3 97 98 0
3 98 97 0
3 99 96 0
4 1 5 0
4 2 6 0
4 3 7 0
4 5 1 0
4 6 2 0
4 7 3 0
4 8 12 0
4 9 13 0
4 10 14 0
4 11 15 0
4 12 8 0
4 13 9 0
4 14 10 0
4 15 11 0
4 16 20 0
4 17 21 0
4 18 22 0
4 19 23 0
4 20 16 0
4 21 17 0
4 22 18 0
4 23 19 0
4 24 28 0
4 25 29 0
4 26 30 0
4 27 31 0
4 28 24 0
4 29 25 0
4 30 26 0
4 31 27 0
4 32 36 0
4 33 37 0
4 34 38 0
4 35 39 0
4 36 32 0
4 37 33 0
4 38 34 0
4 39 35 0
4 40 44 0
4 41 45 0
4 42 46 0
4 43 47 0
4 44 40 0
4 45 41 0
4 46 42 0
4 47 43 0
4 48 52 0
4 49 53 0
4 50 54 0
4 51 55 0
4 52 48 0
4 53 49 0
4 54 50 0
4 55 51 0
4 56 60 0
4 57 61 0
4 58 62 0
4 59 63 0
4 60 56 0
4 61 57 0
4 62 58 0
4 63 59 0
4 64 68 0
4 65 69 0
4 66 70 0
4 67 71 0
4 68 64 0
4 69 65 0
4 70 66 0
4 71 67 0
4 72 76 0
4 73 77 0
4 74 78 0
4 75 79 0
4 76 72 0
4 77 73 0
4 78 74 0
4 79 75 0
4 80 84 0
4 81 85 0
4 82 86 0
4 83 87 0
4 84 80 0
4 85 81 0
4 86 82 0
4 87 83 0
4 88 92 0
4 89 93 0
4 90 94 0
4 91 95 0
4 92 88 0
4 93 89 0
4 94 90 0
4 95 91 0
5 1 4 0
5 2 7 0
5 3 6 0
5 4 1 0
5 6 3 0
5 7 2 0
5 8 13 0
5 9 12 0
5 10 15 0
5 11 14 0
5 12 9 0
5 13 8 0
5 14 11 0
5 15 10 0
5 16 21 0
5 17 20 0
5 18 23 0
5 19 22 0
5 20 17 0
5 21 16 0
5 22 19 0
5 23 18 0
5 24 29 0
5 25 28 0
5 26 31 0
5 27 30 0
5 28 25 0
5 29 24 0
5 30 27 0
5 31 26 0
5 32 37 0
5 33 36 0
5 34 39 0
5 35 38 0
5 36 33 0
5 37 32 0
5 38 35 0
5 39 34 0
5 40 45 0
5 41 44 0
5 42 47 0
5 43 46 0
5 44 41 0
5 45 40 0
5 46 43 0
5 47 42 0
5 48 53 0
5 49 52 0
5 50 55 0
5 51 54 0
5 52 49 0
5 53 48 0
5 54 51 0
5 55 50 0
5 56 61 0
5 57 60 0
5 58 63 0
5 59 62 0
5 60 57 0
5 61 56 0
5 62 59 0
5 63 58 0
5 64 69 0
5 65 68 0
5 66 71 0
5 67 70 0
5 68 65 0
5 69 64 0
5 70 67 0
5 71 66 0
5 72 77 0
5 73 76 0
5 74 79 0
5 75 78 0
5 76 73 0
5 77 72 0
5 78 75 0
5 79 74 0
5 80 85 0
5 81 84 0
5 82 87 0
5 83 86 0
5 84 81 0
5 85 80 0
5 86 83 0
5 87 82 0
5 88 93 0
5 89 92 0
5 90 95 0
5 91 94 0
5 92 89 0
5 93 88 0
5 94 91 0
5 95 90 0
6 1 7 0
6 2 4 0
6 3 5 0
6 4 2 0
6 5 3 0
6 7 1 0
6 8 14 0
6 9 15 0
6 10 12 0
6 11 13 0
6 12 10 0
6 13 11 0
6 14 8 0
6 15 9 0
6 16 22 0
6 17 23 0
6 18 20 0
6 19 21 0
6 20 18 0
6 21 19 0
6 22 16 0
6 23 17 0
6 24 30 0
6 25 31 0
6 26 28 0
6 27 29 0
6 28 26 0
6 29 27 0
6 30 24 0
6 31 25 0
6 32 38 0
6 33 39 0
6 34 36 0
6 35 37 0
6 36 34 0
6 37 35 0
6 38 32 0
6 39 33 0
6 40 46 0
6 41 47 0
6 42 44 0
6 43 45 0
6 44 42 0
6 45 43 0
6 46 40 0
6 47 41 0
6 48 54 0
6 49 55 0
6 50 52 0
6 51 53 0
6 52 50 0
6 53 51 0
6 54 48 0
6 55 49 0
6 56 62 0
6 57 63 0
6 58 60 0
6 59 61 0
6 60 58 0
6 61 59 0
6 62 56 0
6 63 57 0
6 64 70 0
6 65 71 0
6 66 68 0
6 67 69 0
6 68 66 0
6 69 67 0
6 70 64 0
6 71 65 0
6 72 78 0
6 73 79 0
6 74 76 0
6 75 77 0
6 76 74 0
6 77 75 0
6 78 72 0
6 79 73 0
6 80 86 0
6 81 87 0
6 82 84 0
6 83 85 0
6 84 82 0
6 85 83 0
6 86 80 0
6 87 81 0
6 88 94 0
6 89 95 0
6 90 92 0
6 91 93 0
6 92 90 0
6 93 91 0
6 94 88 0
6 95 89 0
7 1 6 0
7 2 5 0
7 3 4 0
7 4 3 0
7 5 2 0
7 6 1 0
7 8 15 0
7 9 14 0
7 10 13 0
7 11 12 0
7 12 11 0
7 13 10 0
7 14 9 0
7 15 8 0
7 16 23 0
7 17 22 0
7 18 21 0
7 19 20 0
7 20 19 0
7 21 18 0
7 22 17 0
7 23 16 0
7 24 31 0
7 25 30 0
7 26 29 0
7 27 28 0
7 28 27 0
7 29 26 0
7 30 25 0
7 31 24 0
7 32 39 0
7 33 38 0
7 34 37 0
7 35 36 0
7 36 35 0
7 37 34 0
7 38 33 0
7 39 32 0
7 40 47 0
7 41 46 0
7 42 45 0
7 43 44 0
7 44 43 0
7 45 42 0
7 46 41 0
7 47 40 0
7 48 55 0
7 49 54 0
7 50 53 0
7 51 52 0
7 52 51 0
7 53 50 0
7 54 49 0
7 55 48 0
7 56 63 0
7 57 62 0
7 58 61 0
7 59 60 0
7 60 59 0
7 61 58 0
7 62 57 0
7 63 56 0
7 64 71 0
7 65 70 0
7 66 69 0
7 67 68 0
7 68 67 0
7 69 66 0
7 70 65 0
7 71 64 0
7 72 79 0
7 73 78 0
7 74 77 0
7 75 76 0
7 76 75 0
7 77 74 0
7 78 73 0
7 79 72 0
7 80 87 0
7 81 86 0
7 82 85 0
7 83 84 0
7 84 83 0
7 85 82 0
7 86 81 0
7 87 80 0
7 88 95 0
7 89 94 0
7 90 93 0
7 91 92 0
7 92 91 0
7 93 90 0
7 94 89 0
7 95 88 0
8 1 9 0
8 2 10 0
8 3 11 0
8 4 12 0
8 5 13 0
8 6 14 0
8 7 15 0
8 9 1 0
8 10 2 0
8 11 3 0
8 12 4 0
8 13 5 0
8 14 6 0
8 15 7 0
8 16 24 0
8 17 25 0
8 18 26 0
8 19 27 0
8 20 28 0
8 21 29 0
8 22 30 0
8 23 31 0
8 24 16 0
8 25 17 0
8 26 18 0
8 27 19 0
8 28 20 0
8 29 21 0
8 30 22 0
8 31 23 0
8 32 40 0
8 33 41 0
8 34 42 0
8 35 43 0
8 36 44 0
8 37 45 0
8 38 46 0
8 39 47 0
8 40 32 0
8 41 33 0
8 42 34 0
8 43 35 0
8 44 36 0
8 45 37 0
8 46 38 0
8 47 39 0
8 48 56 0
8 49 57 0
8 50 58 0
8 51 59 0
8 52 60 0
8 53 61 0
8 54 62 0
8 55 63 0
8 56 48 0
8 57 49 0
8 58 50 0
8 59 51 0
8 60 52 0
8 61 53 0
8 62 54 0
8 63 55 0
8 64 72 0
8 65 73 0
8 66 74 0
8 67 75 0
8 68 76 0
8 69 77 0
8 70 78 0
8 71 79 0
8 72 64 0
8 73 65 0
8 74 66 0
8 75 67 0
8 76 68 0
8 77 69 0
8 78 70 0
8 79 71 0
8 80 88 0
8 81 89 0
8 82 90 0
8 83 91 0
8 84 92 0
8 85 93 0
8 86 94 0
8 87 95 0
8 88 80 0
8 89 81 0
8 90 82 0
8 91 83 0
8 92 84 0
8 93 85 0
8 94 86 0
8 95 87 0
9 1 8 0
9 2 11 0
9 3 10 0
9 4 13 0
9 5 12 0
9 6 15 0
9 7 14 0
9 8 1 0
9 10 3 0
9 11 2 0
9 12 5 0
9 13 4 0
9 14 7 0
9 15 6 0
9 16 25 0
9 17 24 0
9 18 27 0
9 19 26 0
9 20 29 0
9 21 28 0
9 22 31 0
9 23 30 0
9 24 17 0
9 25 16 0
9 26 19 0
9 27 18 0
9 28 21 0
9 29 20 0
9 30 23 0
9 31 22 0
9 32 41 0
9 33 40 0
9 34 43 0
9 35 42 0
9 36 45 0
9 37 44 0
9 38 47 0
9 39 46 0
9 40 33 0
9 41 32 0
9 42 35 0
9 43 34 0
9 44 37 0
9 45 36 0
9 46 39 0
9 47 38 0
9 48 57 0
9 49 56 0
9 50 59 0
9 51 58 0
9 52 61 0
9 53 60 0
9 54 63 0
9 55 62 0
9 56 49 0
9 57 48 0
9 58 51 0
9 59 50 0
9 60 53 0
9 61 52 0
9 62 55 0
9 63 54 0
9 64 73 0
9 65 72 0
9 66 75 0
9 67 74 0
9 68 77 0
9 69 76 0
9 70 79 0
9 71 78 0
9 72 65 0
9 73 64 0
9 74 67 0
9 75 66 0
9 76 69 0
9 77 68 0
9 78 71 0
9 79 70 0
9 80 89 0
9 81 88 0
9 82 91 0
9 83 90 0
9 84 93 0
9 85 92 0
9 86 95 0
9 87 94 0
9 88 81 0
9 89 80 0
9 90 83 0
9 91 82 0
9 92 85 0
9 93 84 0
9 94 87 0
9 95 86 0
10 1 11 0
10 2 8 0
10 3 9 0
10 4 14 0
10 5 15 0
10 6 12 0
10 7 13 0
10 8 2 0
10 9 3 0
10 11 1 0
10 12 6 0
10 13 7 0
10 14 4 0
10 15 5 0
10 16 26 0
10 17 27 0
10 18 24 0
10 19 25 0
10 20 30 0
10 21 31 0
10 22 28 0
10 23 29 0
10 24 18 0
10 25 19 0
10 26 16 0
10 27 17 0
10 28 22 0
10 29 23 0
10 30 20 0
10 31 21 0
10 32 42 0
10 33 43 0
10 34 40 0
10 35 41 0
10 36 46 0
10 37 47 0
10 38 44 0
10 39 45 0
10 40 34 0
10 41 35 0
10 42 32 0
10 43 33 0
10 44 38 0
10 45 39 0
10 46 36 0
10 47 37 0
10 48 58 0
10 49 59 0
10 50 56 0
10 51 57 0
10 52 62 0
10 53 63 0
10 54 60 0
10 55 61 0
10 56 50 0
10 57 51 0
10 58 48 0
10 59 49 0
10 60 54 0
10 61 55 0
10 62 52 0
10 63 53 0
10 64 74 0
10 65 75 0
10 66 72 0
10 67 73 0
10 68 78 0
10 69 79 0
10 70 76 0
10 71 77 0
10 72 66 0
10 73 67 0
10 74 64 0
10 75 65 0
10 76 70 0
10 77 71 0
10 78 68 0
10 79 69 0
10 80 90 0
10 81 91 0
10 82 88 0
10 83 89 0
10 84 94 0
10 85 95 0
10 86 92 0
10 87 93 0
10 88 82 0
10 89 83 0
10 90 80 0
10 91 81 0
10 92 86 0
10 93 87 0
10 94 84 0
10 95 85 0
11 1 10 0
11 2 9 0
11 3 8 0
11 4 15 0
11 5 14 0
11 6 13 0
11 7 12 0
11 8 3 0
11 9 2 0
11 10 1 0
11 12 7 0
11 13 6 0
11 14 5 0
11 15 4 0
11 16 27 0
11 17 26 0
11 18 25 0
11 19 24 0
11 20 31 0
11 21 30 0
11 22 29 0
11 23 28 0
11 24 19 0
11 25 18 0
11 26 17 0
11 27 16 0
11 28 23 0
11 29 22 0
11 30 21 0
11 31 20 0
11 32 43 0
11 33 42 0
11 34 41 0
11 35 40 0
11 36 47 0
11 37 46 0
11 38 45 0
11 39 44 0
11 40 35 0
11 41 34 0
11 42 33 0
11 43 32 0
11 44 39 0
11 45 38 0
11 46 37 0
11 47 36 0
11 48 59 0
11 49 58 0
11 50 57 0
11 51 56 0
11 52 63 0
11 53 62 0
11 54 61 0
11 55 60 0
11 56 51 0
11 57 50 0
11 58 49 0
11 59 48 0
11 60 55 0
11 61 54 0
11 62 53 0
11 63 52 0
11 64 75 0
11 65 74 0
11 66 73 0
11 67 72 0
11 68 79 0
11 69 78 0
11 70 77 0
11 71 76 0
11 72 67 0
11 73 66 0
11 74 65 0
11 75 64 0
11 76 71 0
11 77 70 0
11 78 69 0
11 79 68 0
11 80 91 0
11 81 90 0
11 82 89 0
11 83 88 0
11 84 95 0
11 85 94 0
11 86 93 0
11 87 92 0
11 88 83 0
11 89 82 0
11 90 81 0
11 91 80 0
11 92 87 0
11 93 86 0
11 94 85 0
11 95 84 0
12 1 13 0
12 2 14 0
12 3 15 0
12 4 8 0
12 5 9 0
12 6 10 0
12 7 11 0
12 8 4 0
12 9 5 0
12 10 6 0
12 11 7 0
12 13 1 0
12 14 2 0
12 15 3 0
12 16 28 0
12 17 29 0
12 18 30 0
12 19 31 0
12 20 24 0
12 21 25 0
12 22 26 0
12 23 27 0
12 24 20 0
12 25 21 0
12 26 22 0
12 27 23 0
12 28 16 0
12 29 17 0
12 30 18 0
12 31 19 0
12 32 44 0
12 33 45 0
12 34 46 0
12 35 47 0
12 36 40 0
12 37 41 0
12 38 42 0
12 39 43 0
12 40 36 0
12 41 37 0
12 42 38 0
12 43 39 0
12 44 32 0
12 45 33 0
12 46 34 0
12 47 35 0
12 48 60 0
12 49 61 0
12 50 62 0
12 51 63 0
12 52 56 0
12 53 57 0
12 54 58 0
12 55 59 0
12 56 52 0
12 57 53 0
12 58 54 0
12 59 55 0
12 60 48 0
12 61 49 0
12 62 50 0
12 63 51 0
12 64 76 0
12 65 77 0
12 66 78 0
12 67 79 0
12 68 72 0
12 69 73 0
12 70 74 0
12 71 75 0
12 72 68 0
12 73 69 0
12 74 70 0
12 75 71 0
12 76 64 0
12 77 65 0
12 78 66 0
12 79 67 0
12 80 92 0
12 81 93 0
12 82 94 0
12 83 95 0
12 84 88 0
12 85 89 0
12 86 90 0
12 87 91 0
12 88 84 0
12 89 85 0
12 90 86 0
12 91 87 0
12 92 80 0
12 93 81 0
12 94 82 0
12 95 83 0
13 1 12 0
13 2 15 0
13 3 14 0
13 4 9 0
13 5 8 0
13 6 11 0
13 7 10 0
13 8 5 0
13 9 4 0
13 10 7 0
13 11 6 0
13 12 1 0
13 14 3 0
13 15 2 0
13 16 29 0
13 17 28 0
13 18 31 0
13 19 30 0
13 20 25 0
13 21 24 0
13 22 27 0
13 23 26 0
13 24 21 0
13 25 20 0
13 26 23 0
13 27 22 0
13 28 17 0
13 29 16 0
13 30 19 0
13 31 18 0
13 32 45 0
13 33 44 0
13 34 47 0
13 35 46 0
13 36 41 0
13 37 40 0
13 38 43 0
13 39 42 0
13 40 37 0
13 41 36 0
13 42 39 0
13 43 38 0
13 44 33 0
13 45 32 0
13 46 35 0
13 47 34 0
13 48 61 0
13 49 60 0
13 50 63 0
13 51 62 0
13 52 57 0
13 53 56 0
13 54 59 0
13 55 58 0
13 56 53 0
13 57 52 0
13 58 55 0
13 59 54 0
13 60 49 0
13 61 48 0
13 62 51 0
13 63 50 0
13 64 77 0
13 65 76 0
13 66 79 0
13 67 78 0
13 68 73 0
13 69 72 0
13 70 75 0
13 71 74 0
13 72 69 0
13 73 68 0
13 74 71 0
13 75 70 0
13 76 65 0
13 77 64 0
13 78 67 0
13 79 66 0
13 80 93 0
13 81 92 0
13 82 95 0
13 83 94 0
13 84 89 0
13 85 88 0
13 86 91 0
13 87 90 0
13 88 85 0
13 89 84 0
13 90 87 0
13 91 86 0
13 92 81 0
13 93 80 0
13 94 83 0
13 95 82 0
14 1 15 0
14 2 12 0
14 3 13 0
14 4 10 0
14 5 11 0
14 6 8 0
14 7 9 0
14 8 6 0
14 9 7 0
14 10 4 0
14 11 5 0
14 12 2 0
14 13 3 0
14 15 1 0
14 16 30 0
14 17 31 0
14 18 28 0
14 19 29 0
14 20 26 0
14 21 27 0
14 22 24 0
14 23 25 0
14 24 22 0
14 25 23 0
14 26 20 0
14 27 21 0
14 28 18 0
14 29 19 0
14 30 16 0
14 31 17 0
14 32 46 0
14 33 47 0
14 34 44 0
14 35 45 0
14 36 42 0
14 37 43 0
14 38 40 0
14 39 41 0
14 40 38 0
14 41 39 0
14 42 36 0
14 43 37 0
14 44 34 0
14 45 35 0
14 46 32 0
14 47 33 0
14 48 62 0
14 49 63 0
14 50 60 0
14 51 61 0
14 52 58 0
14 53 59 0
14 54 56 0
14 55 57 0
14 56 54 0
14 57 55 0
14 58 52 0
14 59 53 0
14 60 50 0
14 61 51 0
14 62 48 0
14 63 49 0
14 64 78 0
14 65 79 0
14 66 76 0
14 67 77 0
14 68 74 0
14 69 75 0
14 70 72 0
14 71 73 0
14 72 70 0
14 73 71 0
14 74 68 0
14 75 69 0
14 76 66 0
14 77 67 0
14 78 64 0
14 79 65 0
14 80 94 0
14 81 95 0
14 82 92 0
14 83 93 0
14 84 90 0
14 85 91 0
14 86 88 0
14 87 89 0
14 88 86 0
14 89 87 0
14 90 84 0
14 91 85 0
14 92 82 0
14 93 83 0
14 94 80 0
14 95 81 0
15 1 14 0
15 2 13 0
15 3 12 0
15 4 11 0
15 5 10 0
15 6 9 0
15 7 8 0
15 8 7 0
15 9 6 0
15 10 5 0
15 11 4 0
15 12 3 0
15 13 2 0
15 14 1 0
15 16 31 0
15 17 30 0
15 18 29 0
15 19 28 0
15 20 27 0
15 21 26 0
15 22 25 0
15 23 24 0
15 24 23 0
15 25 22 0
15 26 21 0
15 27 20 0
15 28 19 0
15 29 18 0
15 30 17 0
15 31 16 0
15 32 47 0
15 33 46 0
15 34 45 0
15 35 44 0
15 36 43 0
15 37 42 0
15 38 41 0
15 39 40 0
15 40 39 0
15 41 38 0
15 42 37 0
15 43 36 0
15 44 35 0
15 45 34 0
15 46 33 0
15 47 32 0
15 48 63 0
15 49 62 0
15 50 61 0
15 51 60 0
15 52 59 0
15 53 58 0
15 54 57 0
15 55 56 0
15 56 55 0
15 57 54 0
15 58 53 0
15 59 52 0
15 60 51 0
15 61 50 0
15 62 49 0
15 63 48 0
15 64 79 0
15 65 78 0
15 66 77 0
15 67 76 0
15 68 75 0
15 69 74 0
15 70 73 0
15 71 72 0
15 72 71 0
15 73 70 0
15 74 69 0
15 75 68 0
15 76 67 0
15 77 66 0
15 78 65 0
15 79 64 0
15 80 95 0
15 81 94 0
15 82 93 0
15 83 92 0
15 84 91 0
15 85 90 0
15 86 89 0
15 87 88 0
15 88 87 0
15 89 86 0
15 90 85 0
15 91 84 0
15 92 83 0
15 93 82 0
15 94 81 0
15 95 80 0
16 1 17 0
16 2 18 0
16 3 19 0
16 4 20 0
16 5 21 0
16 6 22 0
16 7 23 0
16 8 24 0
16 9 25 0
16 10 26 0
16 11 27 0
16 12 28 0
16 13 29 0
16 14 30 0
16 15 31 0
16 17 1 0
16 18 2 0
16 19 3 0
16 20 4 0
16 21 5 0
16 22 6 0
16 23 7 0
16 24 8 0
16 25 9 0
16 26 10 0
16 27 11 0
16 28 12 0
16 29 13 0
16 30 14 0
16 31 15 0
16 32 48 0
16 33 49 0
16 34 50 0
16 35 51 0
16 36 52 0
16 37 53 0
16 38 54 0
16 39 55 0
16 40 56 0
16 41 57 0
16 42 58 0
16 43 59 0
16 44 60 0
16 45 61 0
16 46 62 0
16 47 63 0
16 48 32 0
16 49 33 0
16 50 34 0
16 51 35 0
16 52 36 0
16 53 37 0
16 54 38 0
16 55 39 0
16 56 40 0
16 57 41 0
16 58 42 0
16 59 43 0
16 60 44 0
16 61 45 0
16 62 46 0
16 63 47 0
16 64 80 0
16 65 81 0
16 66 82 0
16 67 83 0
16 68 84 0
16 69 85 0
16 70 86 0
16 71 87 0
16 72 88 0
16 73 89 0
16 74 90 0
16 75 91 0
16 76 92 0
16 77 93 0
16 78 94 0
16 79 95 0
16 80 64 0
16 81 65 0
16 82 66 0
16 83 67 0
16 84 68 0
16 85 69 0
16 86 70 0
16 87 71 0
16 88 72 0
16 89 73 0
16 90 74 0
16 91 75 0
16 92 76 0
16 93 77 0
16 94 78 0
16 95 79 0
17 1 16 0
17 2 19 0
17 3 18 0
17 4 21 0
17 5 20 0
17 6 23 0
17 7 22 0
17 8 25 0
17 9 24 0
17 10 27 0
17 11 26 0
17 12 29 0
17 13 28 0
17 14 31 0
17 15 30 0
17 16 1 0
17 18 3 0
17 19 2 0
17 20 5 0
17 21 4 0
17 22 7 0
17 23 6 0
17 24 9 0
17 25 8 0
17 26 11 0
17 27 10 0
17 28 13 0
17 29 12 0
17 30 15 0
17 31 14 0
17 32 49 0
17 33 48 0
17 34 51 0
17 35 50 0
17 36 53 0
17 37 52 0
17 38 55 0
17 39 54 0
17 40 57 0
17 41 56 0
17 42 59 0
17 43 58 0
17 44 61 0
17 45 60 0
17 46 63 0
17 47 62 0
17 48 33 0
17 49 32 0
17 50 35 0
17 51 34 0
17 52 37 0
17 53 36 0
17 54 39 0
17 55 38 0
17 56 41 0
17 57 40 0
17 58 43 0
17 59 42 0
17 60 45 0
17 61 44 0
17 62 47 0
17 63 46 0
17 64 81 0
17 65 80 0
17 66 83 0
17 67 82 0
17 68 85 0
17 69 84 0
17 70 87 0
17 71 86 0
17 72 89 0
17 73 88 0
17 74 91 0
17 75 90 0
17 76 93 0
17 77 92 0
17 78 95 0
17 79 94 0
17 80 65 0
17 81 64 0
17 82 67 0
17 83 66 0
17 84 69 0
17 85 68 0
17 86 71 0
17 87 70 0
17 88 73 0
17 89 72 0
17 90 75 0
17 91 74 0
17 92 77 0
17 93 76 0
17 94 79 0
17 95 78 0
18 1 19 0
18 2 16 0
18 3 17 0
18 4 22 0
18 5 23 0
18 6 20 0
18 7 21 0
18 8 26 0
18 9 27 0
18 10 24 0
18 11 25 0
18 12 30 0
18 13 31 0
18 14 28 0
18 15 29 0
18 16 2 0
18 17 3 0
18 19 1 0
18 20 6 0
18 21 7 0
18 22 4 0
18 23 5 0
18 24 10 0
18 25 11 0
18 26 8 0
18 27 9 0
18 28 14 0
18 29 15 0
18 30 12 0
18 31 13 0
18 32 50 0
18 33 51 0
18 34 48 0
18 35 49 0
18 36 54 0
18 37 55 0
18 38 52 0
18 39 53 0
18 40 58 0
18 41 59 0
18 42 56 0
18 43 57 0
18 44 62 0
18 45 63 0
18 46 60 0
18 47 61 0
18 48 34 0
18 49 35 0
18 50 32 0
18 51 33 0
18 52 38 0
18 53 39 0
18 54 36 0
18 55 37 0
18 56 42 0
18 57 43 0
18 58 40 0
18 59 41 0
18 60 46 0
18 61 47 0
18 62 44 0
18 63 45 0
18 64 82 0
18 65 83 0
18 66 80 0
18 67 81 0
18 68 86 0
18 69 87 0
18 70 84 0
18 71 85 0
18 72 90 0
18 73 91 0
18 74 88 0
18 75 89 0
18 76 94 0
18 77 95 0
18 78 92 0
18 79 93 0
18 80 66 0
18 81 67 0
18 82 64 0
18 83 65 0
18 84 70 0
18 85 71 0
18 86 68 0
18 87 69 0
18 88 74 0
18 89 75 0
18 90 72 0
18 91 73 0
18 92 78 0
18 93 79 0
18 94 76 0
18 95 77 0
19 1 18 0
19 2 17 0
19 3 16 0
19 4 23 0
19 5 22 0
19 6 21 0
19 7 20 0
19 8 27 0
19 9 26 0
19 10 25 0
19 11 24 0
19 12 31 0
19 13 30 0
19 14 29 0
19 15 28 0
19 16 3 0
19 17 2 0
19 18 1 0
19 20 7 0
19 21 6 0
19 22 5 0
19 23 4 0
19 24 11 0
19 25 10 0
19 26 9 0
19 27 8 0
19 28 15 0
19 29 14 0
19 30 13 0
19 31 12 0
19 32 51 0
19 33 50 0
19 34 49 0
19 35 48 0
19 36 55 0
19 37 54 0
19 38 53 0
19 39 52 0
19 40 59 0
19 41 58 0
19 42 57 0
19 43 56 0
19 44 63 0
19 45 62 0
19 46 61 0
19 47 60 0
19 48 35 0
19 49 34 0
19 50 33 0
19 51 32 0
19 52 39 0
19 53 38 0
19 54 37 0
19 55 36 0
19 56 43 0
19 57 42 0
19 58 41 0
19 59 40 0
19 60 47 0
19 61 46 0
19 62 45 0
19 63 44 0
19 64 83 0
19 65 82 0
19 66 81 0
19 67 80 0
19 68 87 0
19 69 86 0
19 70 85 0
19 71 84 0
19 72 91 0
19 73 90 0
19 74 89 0
19 75 88 0
19 76 95 0
19 77 94 0
19 78 93 0
19 79 92 0
19 80 67 0
19 81 66 0
19 82 65 0
19 83 64 0
19 84 71 0
19 85 70 0
19 86 69 0
19 87 68 0
19 88 75 0
19 89 74 0
19 90 73 0
19 91 72 0
19 92 79 0
19 93 78 0
19 94 77 0
19 95 76 0
20 1 21 0
20 2 22 0
20 3 23 0
20 4 16 0
20 5 17 0
20 6 18 0
20 7 19 0
20 8 28 0
20 9 29 0
20 10 30 0
20 11 31 0
20 12 24 0
20 13 25 0
20 14 26 0
20 15 27 0
20 16 4 0
20 17 5 0
20 18 6 0
20 19 7 0
20 21 1 0
20 22 2 0
20 23 3 0
20 24 12 0
20 25 13 0
20 26 14 0
20 27 15 0
20 28 8 0
20 29 9 0
20 30 10 0
20 31 11 0
20 32 52 0
20 33 53 0
20 34 54 0
20 35 55 0
20 36 48 0
20 37 49 0
20 38 50 0
20 39 51 0
20 40 60 0
20 41 61 0
20 42 62 0
20 43 63 0
20 44 56 0
20 45 57 0
20 46 58 0
20 47 59 0
20 48 36 0
20 49 37 0
20 50 38 0
20 51 39 0
20 52 32 0
20 53 33 0
20 54 34 0
20 55 35 0
20 56 44 0
20 57 45 0
20 58 46 0
20 59 47 0
20 60 40 0
20 61 41 0
20 62 42 0
20 63 43 0
20 64 84 0
20 65 85 0
20 66 86 0
20 67 87 0
20 68 80 0
20 69 81 0
20 70 82 0
20 71 83 0
20 72 92 0
20 73 93 0
20 74 94 0
20 75 95 0
20 76 88 0
20 77 89 0
20 78 90 0
20 79 91 0
20 80 68 0
20 81 69 0
20 82 70 0
20 83 71 0
20 84 64 0
20 85 65 0
20 86 66 0
20 87 67 0
20 88 76 0
20 89 77 0
20 90 78 0
20 91 79 0
20 92 72 0
20 93 73 0
20 94 74 0
20 95 75 0
21 1 20 0
21 2 23 0
21 3 22 0
21 4 17 0
21 5 16 0
21 6 19 0
21 7 18 0
21 8 29 0
21 9 28 0
21 10 31 0
21 11 30 0
21 12 25 0
21 13 24 0
21 14 27 0
21 15 26 0
21 16 5 0
21 17 4 0
21 18 7 0
21 19 6 0
21 20 1 0
21 22 3 0
21 23 2 0
21 24 13 0
21 25 12 0
21 26 15 0
21 27 14 0
21 28 9 0
21 29 8 0
21 30 11 0
21 31 10 0
21 32 53 0
21 33 52 0
21 34 55 0
21 35 54 0
21 36 49 0
21 37 48 0
21 38 51 0
21 39 50 0
21 40 61 0
21 41 60 0
21 42 63 0
21 43 62 0
21 44 57 0
21 45 56 0
21 46 59 0
21 47 58 0
21 48 37 0
21 49 36 0
21 50 39 0
21 51 38 0
21 52 33 0
21 53 32 0
21 54 35 0
21 55 34 0
21 56 45 0
21 57 44 0
21 58 47 0
21 59 46 0
21 60 41 0
21 61 40 0
21 62 43 0
21 63 42 0
21 64 85 0
21 65 84 0
21 66 87 0
21 67 86 0
21 68 81 0
21 69 80 0
21 70 83 0
21 71 82 0
21 72 93 0
21 73 92 0
21 74 95 0
21 75 94 0
21 76 89 0
21 77 88 0
21 78 91 0
21 79 90 0
21 80 69 0
21 81 68 0
21 82 71 0
21 83 70 0
21 84 65 0
21 85 64 0
21 86 67 0
21 87 66 0
21 88 77 0
21 89 76 0
21 90 79 0
21 91 78 0
21 92 73 0
21 93 72 0
21 94 75 0
21 95 74 0
22 1 23 0
22 2 20 0
22 3 21 0
22 4 18 0
22 5 19 0
22 6 16 0
22 7 17 0
22 8 30 0
22 9 31 0
22 10 28 0
22 11 29 0
22 12 26 0
22 13 27 0
22 14 24 0
22 15 25 0
22 16 6 0
22 17 7 0
22 18 4 0
22 19 5 0
22 20 2 0
22 21 3 0
22 23 1 0
22 24 14 0
22 25 15 0
22 26 12 0
22 27 13 0
22 28 10 0
22 29 11 0
22 30 8 0
22 31 9 0
22 32 54 0
22 33 55 0
22 34 52 0
22 35 53 0
22 36 50 0
22 37 51 0
22 38 48 0
22 39 49 0
22 40 62 0
22 41 63 0
22 42 60 0
22 43 61 0
22 44 58 0
22 45 59 0
22 46 56 0
22 47 57 0
22 48 38 0
22 49 39 0
22 50 36 0
22 51 37 0
22 52 34 0
22 53 35 0
22 54 32 0
22 55 33 0
22 56 46 0
22 57 47 0
22 58 44 0
22 59 45 0
22 60 42 0
22 61 43 0
22 62 40 0
22 63 41 0
22 64 86 0
22 65 87 0
22 66 84 0
22 67 85 0
22 68 82 0
22 69 83 0
22 70 80 0
22 71 81 0
22 72 94 0
22 73 95 0
22 74 92 0
22 75 93 0
22 76 90 0
22 77 91 0
22 78 88 0
22 79 89 0
22 80 70 0
22 81 71 0
22 82 68 0
22 83 69 0
22 84 66 0
22 85 67 0
22 86 64 0
22 87 65 0
22 88 78 0
22 89 79 0
22 90 76 0
22 91 77 0
22 92 74 0
22 93 75 0
22 94 72 0
22 95 73 0
23 1 22 0
23 2 21 0
23 3 20 0
23 4 19 0
23 5 18 0
23 6 17 0
23 7 16 0
23 8 31 0
23 9 30 0
23 10 29 0
23 11 28 0
23 12 27 0
23 13 26 0
23 14 25 0
23 15 24 0
23 16 7 0
23 17 6 0
23 18 5 0
23 19 4 0
23 20 3 0
23 21 2 0
23 22 1 0
23 24 15 0
23 25 14 0
23 26 13 0
23 27 12 0
23 28 11 0
23 29 10 0
23 30 9 0
23 31 8 0
23 32 55 0
23 33 54 0
23 34 53 0
23 35 52 0
23 36 51 0
23 37 50 0
23 38 49 0
23 39 48 0
23 40 63 0
23 41 62 0
23 42 61 0
23 43 60 0
23 44 59 0
23 45 58 0
23 46 57 0
23 47 56 0
23 48 39 0
23 49 38 0
23 50 37 0
23 51 36 0
23 52 35 0
23 53 34 0
23 54 33 0
23 55 32 0
23 56 47 0
23 57 46 0
23 58 45 0
23 59 44 0
23 60 43 0
23 61 42 0
23 62 41 0
23 63 40 0
23 64 87 0
23 65 86 0
23 66 85 0
23 67 84 0
23 68 83 0
23 69 82 0
23 70 81 0
23 71 80 0
23 72 95 0
23 73 94 0
23 74 93 0
23 75 92 0
23 76 91 0
23 77 90 0
23 78 89 0
23 79 88 0
23 80 71 0
23 81 70 0
23 82 69 0
23 83 68 0
23 84 67 0
23 85 66 0
23 86 65 0
23 87 64 0
23 88 79 0
23 89 78 0
23 90 77 0
23 91 76 0
23 92 75 0
23 93 74 0
23 94 73 0
23 95 72 0
24 1 25 0
24 2 26 0
24 3 27 0
24 4 28 0
24 5 29 0
24 6 30 0
24 7 31 0
24 8 16 0
24 9 17 0
24 10 18 0
24 11 19 0
24 12 20 0
24 13 21 0
24 14 22 0
24 15 23 0
24 16 8 0
24 17 9 0
24 18 10 0
24 19 11 0
24 20 12 0
24 21 13 0
24 22 14 0
24 23 15 0
24 25 1 0
24 26 2 0
24 27 3 0
24 28 4 0
24 29 5 0
24 30 6 0
24 31 7 0
24 32 56 0
24 33 57 0
24 34 58 0
24 35 59 0
24 36 60 0
24 37 61 0
24 38 62 0
24 39 63 0
24 40 48 0
24 41 49 0
24 42 50 0
24 43 51 0
24 44 52 0
24 45 53 0
24 46 54 0
24 47 55 0
24 48 40 0
24 49 41 0
24 50 42 0
24 51 43 0
24 52 44 0
24 53 45 0
24 54 46 0
24 55 47 0
24 56 32 0
24 57 33 0
24 58 34 0
24 59 35 0
24 60 36 0
24 61 37 0
24 62 38 0
24 63 39 0
24 64 88 0
24 65 89 0
24 66 90 0
24 67 91 0
24 68 92 0
24 69 93 0
24 70 94 0
24 71 95 0
24 72 80 0
24 73 81 0
24 74 82 0
24 75 83 0
24 76 84 0
24 77 85 0
24 78 86 0
24 79 87 0
24 80 72 0
24 81 73 0
24 82 74 0
24 83 75 0
24 84 76 0
24 85 77 0
24 86 78 0
24 87 79 0
24 88 64 0
24 89 65 0
24 90 66 0
24 91 67 0
24 92 68 0
24 93 69 0
24 94 70 0
24 95 71 0
25 1 24 0
25 2 27 0
25 3 26 0
25 4 29 0
25 5 28 0
25 6 31 0
25 7 30 0
25 8 17 0
25 9 16 0
25 10 19 0
25 11 18 0
25 12 21 0
25 13 20 0
25 14 23 0
25 15 22 0
25 16 9 0
25 17 8 0
25 18 11 0
25 19 10 0
25 20 13 0
25 21 12 0
25 22 15 0
25 23 14 0
25 24 1 0
25 26 3 0
25 27 2 0
25 28 5 0
25 29 4 0
25 30 7 0
25 31 6 0
25 32 57 0
25 33 56 0
25 34 59 0
25 35 58 0
25 36 61 0
25 37 60 0
25 38 63 0
25 39 62 0
25 40 49 0
25 41 48 0
25 42 51 0
25 43 50 0
25 44 53 0
25 45 52 0
25 46 55 0
25 47 54 0
25 48 41 0
25 49 40 0
25 50 43 0
25 51 42 0
25 52 45 0
25 53 44 0
25 54 47 0
25 55 46 0
25 56 33 0
25 57 32 0
25 58 35 0
25 59 34 0
25 60 37 0
25 61 36 0
25 62 39 0
25 63 38 0
25 64 89 0
25 65 88 0
25 66 91 0
25 67 90 0
25 68 93 0
25 69 92 0
25 70 95 0
25 71 94 0
25 72 81 0
25 73 80 0
25 74 83 0
25 75 82 0
25 76 85 0
25 77 84 0
25 78 87 0
25 79 86 0
25 80 73 0
25 81 72 0
25 82 75 0
25 83 74 0
25 84 77 0
25 85 76 0
25 86 79 0
25 87 78 0
25 88 65 0
25 89 64 0
25 90 67 0
25 91 66 0
25 92 69 0
25 93 68 0
25 94 71 0
25 95 70 0
26 1 27 0
26 2 24 0
26 3 25 0
26 4 30 0
26 5 31 0
26 6 28 0
26 7 29 0
26 8 18 0
26 9 19 0
26 10 16 0
26 11 17 0
26 12 22 0
26 13 23 0
26 14 20 0
26 15 21 0
26 16 10 0
26 17 11 0
26 18 8 0
26 19 9 0
26 20 14 0
26 21 15 0
26 22 12 0
26 23 13 0
26 24 2 0
26 25 3 0
26 27 1 0
26 28 6 0
26 29 7 0
26 30 4 0
26 31 5 0
26 32 58 0
26 33 59 0
26 34 56 0
26 35 57 0
26 36 62 0
26 37 63 0
26 38 60 0
26 39 61 0
26 40 50 0
26 41 51 0
26 42 48 0
26 43 49 0
26 44 54 0
26 45 55 0
26 46 52 0
26 47 53 0
26 48 42 0
26 49 43 0
26 50 40 0
26 51 41 0
26 52 46 0
26 53 47 0
26 54 44 0
26 55 45 0
26 56 34 0
26 57 35 0
26 58 32 0
26 59 33 0
26 60 38 0
26 61 39 0
26 62 36 0
26 63 37 0
26 64 90 0
26 65 91 0
26 66 88 0
26 67 89 0
26 68 94 0
26 69 95 0
26 70 92 0
26 71 93 0
26 72 82 0
26 73 83 0
26 74 80 0
26 75 81 0
26 76 86 0
26 77 87 0
26 78 84 0
26 79 85 0
26 80 74 0
26 81 75 0
26 82 72 0
26 83 73 0
26 84 78 0
26 85 79 0
26 86 76 0
26 87 77 0
26 88 66 0
26 89 67 0
26 90 64 0
26 91 65 0
26 92 70 0
26 93 71 0
26 94 68 0
26 95 69 0
27 1 26 0
27 2 25 0
27 3 24 0
27 4 31 0
27 5 30 0
27 6 29 0
27 7 28 0
27 8 19 0
27 9 18 0
27 10 17 0
27 11 16 0
27 12 23 0
27 13 22 0
27 14 21 0
27 15 20 0
27 16 11 0
27 17 10 0
27 18 9 0
27 19 8 0
27 20 15 0
27 21 14 0
27 22 13 0
27 23 12 0
27 24 3 0
27 25 2 0
27 26 1 0
27 28 7 0
27 29 6 0
27 30 5 0
27 31 4 0
27 32 59 0
27 33 58 0
27 34 57 0
27 35 56 0
27 36 63 0
27 37 62 0
27 38 61 0
27 39 60 0
27 40 51 0
27 41 50 0
27 42 49 0
27 43 48 0
27 44 55 0
27 45 54 0
27 46 53 0
27 47 52 0
27 48 43 0
27 49 42 0
27 50 41 0
27 51 40 0
27 52 47 0
27 53 46 0
27 54 45 0
27 55 44 0
27 56 35 0
27 57 34 0
27 58 33 0
27 59 32 0
27 60 39 0
27 61 38 0
27 62 37 0
27 63 36 0
27 64 91 0
27 65 90 0
27 66 89 0
27 67 88 0
27 68 95 0
27 69 94 0
27 70 93 0
27 71 92 0
27 72 83 0
27 73 82 0
27 74 81 0
27 75 80 0
27 76 87 0
27 77 86 0
27 78 85 0
27 79 84 0
27 80 75 0
27 81 74 0
27 82 73 0
27 83 72 0
27 84 79 0
27 85 78 0
27 86 77 0
27 87 76 0
27 88 67 0
27 89 66 0
27 90 65 0
27 91 64 0
27 92 71 0
27 93 70 0
27 94 69 0
27 95 68 0
28 1 29 0
28 2 30 0
28 3 31 0
28 4 24 0
28 5 25 0
28 6 26 0
28 7 27 0
28 8 20 0
28 9 21 0
28 10 22 0
28 11 23 0
28 12 16 0
28 13 17 0
28 14 18 0
28 15 19 0
28 16 12 0
28 17 13 0
28 18 14 0
28 19 15 0
28 20 8 0
28 21 9 0
28 22 10 0
28 23 11 0
28 24 4 0
28 25 5 0
28 26 6 0
28 27 7 0
28 29 1 0
28 30 2 0
28 31 3 0
28 32 60 0
28 33 61 0
28 34 62 0
28 35 63 0
28 36 56 0
28 37 57 0
28 38 58 0
28 39 59 0
28 40 52 0
28 41 53 0
28 42 54 0
28 43 55 0
28 44 48 0
28 45 49 0
28 46 50 0
28 47 51 0
28 48 44 0
28 49 45 0
28 50 46 0
28 51 47 0
28 52 40 0
28 53 41 0
28 54 42 0
28 55 43 0
28 56 36 0
28 57 37 0
28 58 38 0
28 59 39 0
28 60 32 0
28 61 33 0
28 62 34 0
28 63 35 0
28 64 92 0
28 65 93 0
28 66 94 0
28 67 95 0
28 68 88 0
28 69 89 0
28 70 90 0
28 71 91 0
28 72 84 0
28 73 85 0
28 74 86 0
28 75 87 0
28 76 80 0
28 77 81 0
28 78 82 0
28 79 83 0
28 80 76 0
28 81 77 0
28 82 78 0
28 83 79 0
28 84 72 0
28 85 73 0
28 86 74 0
28 87 75 0
28 88 68 0
28 89 69 0
28 90 70 0
28 91 71 0
28 92 64 0
28 93 65 0
28 94 66 0
28 95 67 0
29 1 28 0
29 2 31 0
29 3 30 0
29 4 25 0
29 5 24 0
29 6 27 0
29 7 26 0
29 8 21 0
29 9 20 0
29 10 23 0
29 11 22 0
29 12 17 0
29 13 16 0
29 14 19 0
29 15 18 0
29 16 13 0
29 17 12 0
29 18 15 0
29 19 14 0
29 20 9 0
29 21 8 0
29 22 11 0
29 23 10 0
29 24 5 0
29 25 4 0
29 26 7 0
29 27 6 0
29 28 1 0
29 30 3 0
29 31 2 0
29 32 61 0
29 33 60 0
29 34 63 0
29 35 62 0
29 36 57 0
29 37 56 0
29 38 59 0
29 39 58 0
29 40 53 0
29 41 52 0
29 42 55 0
29 43 54 0
29 44 49 0
29 45 48 0
29 46 51 0
29 47 50 0
29 48 45 0
29 49 44 0
29 50 47 0
29 51 46 0
29 52 41 0
29 53 40 0
29 54 43 0
29 55 42 0
29 56 37 0
29 57 36 0
29 58 39 0
29 59 38 0
29 60 33 0
29 61 32 0
29 62 35 0
29 63 34 0
29 64 93 0
29 65 92 0
29 66 95 0
29 67 94 0
29 68 89 0
29 69 88 0
29 70 91 0
29 71 90 0
29 72 85 0
29 73 84 0
29 74 87 0
29 75 86 0
29 76 81 0
29 77 80 0
29 78 83 0
29 79 82 0
29 80 77 0
29 81 76 0
29 82 79 0
29 83 78 0
29 84 73 0
29 85 72 0
29 86 75 0
29 87 74 0
29 88 69 0
29 89 68 0
29 90 71 0
29 91 70 0
29 92 65 0
29 93 64 0
29 94 67 0
29 95 66 0
30 1 31 0
30 2 28 0
30 3 29 0
30 4 26 0
30 5 27 0
30 6 24 0
30 7 25 0
30 8 22 0
30 9 23 0
30 10 20 0
30 11 21 0
30 12 18 0
30 13 19 0
30 14 16 0
30 15 17 0
30 16 14 0
30 17 15 0
30 18 12 0
30 19 13 0
30 20 10 0
30 21 11 0
30 22 8 0
30 23 9 0
30 24 6 0
30 25 7 0
30 26 4 0
30 27 5 0
30 28 2 0
30 29 3 0
30 31 1 0
30 32 62 0
30 33 63 0
30 34 60 0
30 35 61 0
30 36 58 0
30 37 59 0
30 38 56 0
30 39 57 0
30 40 54 0
30 41 55 0
30 42 52 0
30 43 53 0
30 44 50 0
30 45 51 0
30 46 48 0
30 47 49 0
30 48 46 0
30 49 47 0
30 50 44 0
30 51 45 0
30 52 42 0
30 53 43 0
30 54 40 0
30 55 41 0
30 56 38 0
30 57 39 0
30 58 36 0
30 59 37 0
30 60 34 0
30 61 35 0
30 62 32 0
30 63 33 0
30 64 94 0
30 65 95 0
30 66 92 0
30 67 93 0
30 68 90 0
30 69 91 0
30 70 88 0
30 71 89 0
30 72 86 0
30 73 87 0
30 74 84 0
30 75 85 0
30 76 82 0
30 77 83 0
30 78 80 0
30 79 81 0
30 80 78 0
30 81 79 0
30 82 76 0
30 83 77 0
30 84 74 0
30 85 75 0
30 86 72 0
30 87 73 0
30 88 70 0
30 89 71 0
30 90 68 0
30 91 69 0
30 92 66 0
30 93 67 0
30 94 64 0
30 95 65 0
31 1 30 0
31 2 29 0
31 3 28 0
31 4 27 0
31 5 26 0
31 6 25 0
31 7 24 0
31 8 23 0
31 9 22 0
31 10 21 0
31 11 20 0
31 12 19 0
31 13 18 0
31 14 17 0
31 15 16 0
31 16 15 0
31 17 14 0
31 18 13 0
31 19 12 0
31 20 11 0
31 21 10 0
31 22 9 0
31 23 8 0
31 24 7 0
31 25 6 0
31 26 5 0
31 27 4 0
31 28 3 0
31 29 2 0
31 30 1 0
31 32 63 0
31 33 62 0
31 34 61 0
31 35 60 0
31 36 59 0
31 37 58 0
31 38 57 0
31 39 56 0
31 40 55 0
31 41 54 0
31 42 53 0
31 43 52 0
31 44 51 0
31 45 50 0
31 46 49 0
31 47 48 0
31 48 47 0
31 49 46 0
31 50 45 0
31 51 44 0
31 52 43 0
31 53 42 0
31 54 41 0
31 55 40 0
31 56 39 0
31 57 38 0
31 58 37 0
31 59 36 0
31 60 35 0
31 61 34 0
31 62 33 0
31 63 32 0
31 64 95 0
31 65 94 0
31 66 93 0
31 67 92 0
31 68 91 0
31 69 90 0
31 70 89 0
31 71 88 0
31 72 87 0
31 73 86 0
31 74 85 0
31 75 84 0
31 76 83 0
31 77 82 0
31 78 81 0
31 79 80 0
31 80 79 0
31 81 78 0
31 82 77 0
31 83 76 0
31 84 75 0
31 85 74 0
31 86 73 0
31 87 72 0
31 88 71 0
31 89 70 0
31 90 69 0
31 91 68 0
31 92 67 0
31 93 66 0
31 94 65 0
31 95 64 0
32 1 33 0
32 2 34 0
32 3 35 0
32 4 36 0
32 5 37 0
32 6 38 0
32 7 39 0
32 8 40 0
32 9 41 0
32 10 42 0
32 11 43 0
32 12 44 0
32 13 45 0
32 14 46 0
32 15 47 0
32 16 48 0
32 17 49 0
32 18 50 0
32 19 51 0
32 20 52 0
32 21 53 0
32 22 54 0
32 23 55 0
32 24 56 0
32 25 57 0
32 26 58 0
32 27 59 0
32 28 60 0
32 29 61 0
32 30 62 0
32 31 63 0
32 33 1 0
32 34 2 0
32 35 3 0
32 36 4 0
32 37 5 0
32 38 6 0
32 39 7 0
32 40 8 0
32 41 9 0
32 42 10 0
32 43 11 0
32 44 12 0
32 45 13 0
32 46 14 0
32 47 15 0
32 48 16 0
32 49 17 0
32 50 18 0
32 51 19 0
32 52 20 0
32 53 21 0
32 54 22 0
32 55 23 0
32 56 24 0
32 57 25 0
32 58 26 0
32 59 27 0
32 60 28 0
32 61 29 0
32 62 30 0
32 63 31 0
32 64 96 0
32 65 97 0
32 66 98 0
32 67 99 0
32 96 64 0
32 97 65 0
32 98 66 0
32 99 67 0
33 1 32 0
33 2 35 0
33 3 34 0
33 4 37 0
33 5 36 0
33 6 39 0
33 7 38 0
33 8 41 0
33 9 40 0
33 10 43 0
33 11 42 0
33 12 45 0
33 13 44 0
33 14 47 0
33 15 46 0
33 16 49 0
33 17 48 0
33 18 51 0
33 19 50 0
33 20 53 0
33 21 52 0
33 22 55 0
33 23 54 0
33 24 57 0
33 25 56 0
33 26 59 0
33 27 58 0
33 28 61 0
33 29 60 0
33 30 63 0
33 31 62 0
33 32 1 0
33 34 3 0
33 35 2 0
33 36 5 0
33 37 4 0
33 38 7 0
33 39 6 0
33 40 9 0
33 41 8 0
33 42 11 0
33 43 10 0
33 44 13 0
33 45 12 0
33 46 15 0
33 47 14 0
33 48 17 0
33 49 16 0
33 50 19 0
33 51 18 0
33 52 21 0
33 53 20 0
33 54 23 0
33 55 22 0
33 56 25 0
33 57 24 0
33 58 27 0
33 59 26 0
33 60 29 0
33 61 28 0
33 62 31 0
33 63 30 0
33 64 97 0
33 65 96 0
33 66 99 0
33 67 98 0
33 96 65 0
33 97 64 0
33 98 67 0
33 99 66 0
34 1 35 0
34 2 32 0
34 3 33 0
34 4 38 0
34 5 39 0
34 6 36 0
34 7 37 0
34 8 42 0
34 9 43 0
34 10 40 0
34 11 41 0
34 12 46 0
34 13 47 0
34 14 44 0
34 15 45 0
34 16 50 0
34 17 51 0
34 18 48 0
34 19 49 0
34 20 54 0
34 21 55 0
34 22 52 0
34 23 53 0
34 24 58 0
34 25 59 0
34 26 56 0
34 27 57 0
34 28 62 0
34 29 63 0
34 30 60 0
34 31 61 0
34 32 2 0
34 33 3 0
34 35 1 0
34 36 6 0
34 37 7 0
34 38 4 0
34 39 5 0
34 40 10 0
34 41 11 0
34 42 8 0
34 43 9 0
34 44 14 0
34 45 15 0
34 46 12 0
34 47 13 0
34 48 18 0
34 49 19 0
34 50 16 0
34 51 17 0
34 52 22 0
34 53 23 0
34 54 20 0
34 55 21 0
34 56 26 0
34 57 27 0
34 58 24 0
34 59 25 0
34 60 30 0
34 61 31 0
34 62 28 0
34 63 29 0
34 64 98 0
34 65 99 0
34 66 96 0
34 67 97 0
34 96 66 0
34 97 67 0
34 98 64 0
34 99 65 0
35 1 34 0
35 2 33 0
35 3 32 0
35 4 39 0
35 5 38 0
35 6 37 0
35 7 36 0
35 8 43 0
35 9 42 0
35 10 41 0
35 11 40 0
35 12 47 0
35 13 46 0
35 14 45 0
35 15 44 0
35 16 51 0
35 17 50 0
35 18 49 0
35 19 48 0
35 20 55 0
35 21 54 0
35 22 53 0
35 23 52 0
35 24 59 0
35 25 58 0
35 26 57 0
35 27 56 0
35 28 63 0
35 29 62 0
35 30 61 0
35 31 60 0
35 32 3 0
35 33 2 0
35 34 1 0
35 36 7 0
35 37 6 0
35 38 5 0
35 39 4 0
35 40 11 0
35 41 10 0
35 42 9 0
35 43 8 0
35 44 15 0
35 45 14 0
35 46 13 0
35 47 12 0
35 48 19 0
35 49 18 0
35 50 17 0
35 51 16 0
35 52 23 0
35 53 22 0
35 54 21 0
35 55 20 0
35 56 27 0
35 57 26 0
35 58 25 0
35 59 24 0
35 60 31 0
35 61 30 0
35 62 29 0
35 63 28 0
35 64 99 0
35 65 98 0
35 66 97 0
35 67 96 0
35 96 67 0
35 97 66 0
35 98 65 0
35 99 64 0
36 1 37 0
36 2 38 0
36 3 39 0
36 4 32 0
36 5 33 0
36 6 34 0
36 7 35 0
36 8 44 0
36 9 45 0
36 10 46 0
36 11 47 0
36 12 40 0
36 13 41 0
36 14 42 0
36 15 43 0
36 16 52 0
36 17 53 0
36 18 54 0
36 19 55 0
36 20 48 0
36 21 49 0
36 22 50 0
36 23 51 0
36 24 60 0
36 25 61 0
36 26 62 0
36 27 63 0
36 28 56 0
36 29 57 0
36 30 58 0
36 31 59 0
36 32 4 0
36 33 5 0
36 34 6 0
36 35 7 0
36 37 1 0
36 38 2 0
36 39 3 0
36 40 12 0
36 41 13 0
36 42 14 0
36 43 15 0
36 44 8 0
36 45 9 0
36 46 10 0
36 47 11 0
36 48 20 0
36 49 21 0
36 50 22 0
36 51 23 0
36 52 16 0
36 53 17 0
36 54 18 0
36 55 19 0
36 56 28 0
36 57 29 0
36 58 30 0
36 59 31 0
36 60 24 0
36 61 25 0
36 62 26 0
36 63 27 0
36 68 96 0
36 69 97 0
36 70 98 0
36 71 99 0
36 96 68 0
36 97 69 0
36 98 70 0
36 99 71 0
37 1 36 0
37 2 39 0
37 3 38 0
37 4 33 0
37 5 32 0
37 6 35 0
37 7 34 0
37 8 45 0
37 9 44 0
37 10 47 0
37 11 46 0
37 12 41 0
37 13 40 0
37 14 43 0
37 15 42 0
37 16 53 0
37 17 52 0
37 18 55 0
37 19 54 0
37 20 49 0
37 21 48 0
37 22 51 0
37 23 50 0
37 24 61 0
37 25 60 0
37 26 63 0
37 27 62 0
37 28 57 0
37 29 56 0
37 30 59 0
37 31 58 0
37 32 5 0
37 33 4 0
37 34 7 0
37 35 6 0
37 36 1 0
37 38 3 0
37 39 2 0
37 40 13 0
37 41 12 0
37 42 15 0
37 43 14 0
37 44 9 0
37 45 8 0
37 46 11 0
37 47 10 0
37 48 21 0
37 49 20 0
37 50 23 0
37 51 22 0
37 52 17 0
37 53 16 0
37 54 19 0
37 55 18 0
37 56 29 0
37 57 28 0
37 58 31 0
37 59 30 0
37 60 25 0
37 61 24 0
37 62 27 0
37 63 26 0
37 68 97 0
37 69 96 0
37 70 99 0
37 71 98 0
37 96 69 0
37 97 68 0
37 98 71 0
37 99 70 0
38 1 39 0
38 2 36 0
38 3 37 0
38 4 34 0
38 5 35 0
38 6 32 0
38 7 33 0
38 8 46 0
38 9 47 0
38 10 44 0
38 11 45 0
38 12 42 0
38 13 43 0
38 14 40 0
38 15 41 0
38 16 54 0
38 17 55 0
38 18 52 0
38 19 53 0
38 20 50 0
38 21 51 0
38 22 48 0
38 23 49 0
38 24 62 0
38 25 63 0
38 26 60 0
38 27 61 0
38 28 58 0
38 29 59 0
38 30 56 0
38 31 57 0
38 32 6 0
38 33 7 0
38 34 4 0
38 35 5 0
38 36 2 0
38 37 3 0
38 39 1 0
38 40 14 0
38 41 15 0
38 42 12 0
38 43 13 0
38 44 10 0
38 45 11 0
38 46 8 0
38 47 9 0
38 48 22 0
38 49 23 0
38 50 20 0
38 51 21 0
38 52 18 0
38 53 19 0
38 54 16 0
38 55 17 0
38 56 30 0
38 57 31 0
38 58 28 0
38 59 29 0
38 60 26 0
38 61 27 0
38 62 24 0
38 63 25 0
38 68 98 0
38 69 99 0
38 70 96 0
38 71 97 0
38 96 70 0
38 97 71 0
38 98 68 0
38 99 69 0
39 1 38 0
39 2 37 0
39 3 36 0
39 4 35 0
39 5 34 0
39 6 33 0
39 7 32 0
39 8 47 0
39 9 46 0
39 10 45 0
39 11 44 0
39 12 43 0
39 13 42 0
39 14 41 0
39 15 40 0
39 16 55 0
39 17 54 0
39 18 53 0
39 19 52 0
39 20 51 0
39 21 50 0
39 22 49 0
39 23 48 0
39 24 63 0
39 25 62 0
39 26 61 0
39 27 60 0
39 28 59 0
39 29 58 0
39 30 57 0
39 31 56 0
39 32 7 0
39 33 6 0
39 34 5 0
39 35 4 0
39 36 3 0
39 37 2 0
39 38 1 0
39 40 15 0
39 41 14 0
39 42 13 0
39 43 12 0
39 44 11 0
39 45 10 0
39 46 9 0
39 47 8 0
39 48 23 0
39 49 22 0
39 50 21 0
39 51 20 0
39 52 19 0
39 53 18 0
39 54 17 0
39 55 16 0
39 56 31 0
39 57 30 0
39 58 29 0
39 59 28 0
39 60 27 0
39 61 26 0
39 62 25 0
39 63 24 0
39 68 99 0
39 69 98 0
39 70 97 0
39 71 96 0
39 96 71 0
39 97 70 0
39 98 69 0
39 99 68 0
40 1 41 0
40 2 42 0
40 3 43 0
40 4 44 0
40 5 45 0
40 6 46 0
40 7 47 0
40 8 32 0
40 9 33 0
40 10 34 0
40 11 35 0
40 12 36 0
40 13 37 0
40 14 38 0
40 15 39 0
40 16 56 0
40 17 57 0
40 18 58 0
40 19 59 0
40 20 60 0
40 21 61 0
40 22 62 0
40 23 63 0
40 24 48 0
40 25 49 0
40 26 50 0
40 27 51 0
40 28 52 0
40 29 53 0
40 30 54 0
40 31 55 0
40 32 8 0
40 33 9 0
40 34 10 0
40 35 11 0
40 36 12 0
40 37 13 0
40 38 14 0
40 39 15 0
40 41 1 0
40 42 2 0
40 43 3 0
40 44 4 0
40 45 5 0
40 46 6 0
40 47 7 0
40 48 24 0
40 49 25 0
40 50 26 0
40 51 27 0
40 52 28 0
40 53 29 0
40 54 30 0
40 55 31 0
40 56 16 0
40 57 17 0
40 58 18 0
40 59 19 0
40 60 20 0
40 61 21 0
40 62 22 0
40 63 23 0
40 72 96 0
40 73 97 0
40 74 98 0
40 75 99 0
40 96 72 0
40 97 73 0
40 98 74 0
40 99 75 0
41 1 40 0
41 2 43 0
41 3 42 0
41 4 45 0
41 5 44 0
41 6 47 0
41 7 46 0
41 8 33 0
41 9 32 0
41 10 35 0
41 11 34 0
41 12 37 0
41 13 36 0
41 14 39 0
41 15 38 0
41 16 57 0
41 17 56 0
41 18 59 0
41 19 58 0
41 20 61 0
41 21 60 0
41 22 63 0
41 23 62 0
41 24 49 0
41 25 48 0
41 26 51 0
41 27 50 0
41 28 53 0
41 29 52 0
41 30 55 0
41 31 54 0
41 32 9 0
41 33 8 0
41 34 11 0
41 35 10 0
41 36 13 0
41 37 12 0
41 38 15 0
41 39 14 0
41 40 1 0
41 42 3 0
41 43 2 0
41 44 5 0
41 45 4 0
41 46 7 0
41 47 6 0
41 48 25 0
41 49 24 0
41 50 27 0
41 51 26 0
41 52 29 0
41 53 28 0
41 54 31 0
41 55 30 0
41 56 17 0
41 57 16 0
41 58 19 0
41 59 18 0
41 60 21 0
41 61 20 0
41 62 23 0
41 63 22 0
41 72 97 0
41 73 96 0
41 74 99 0
41 75 98 0
41 96 73 0
41 97 72 0
41 98 75 0
41 99 74 0
42 1 43 0
42 2 40 0
42 3 41 0
42 4 46 0
42 5 47 0
42 6 44 0
42 7 45 0
42 8 34 0
42 9 35 0
42 10 32 0
42 11 33 0
42 12 38 0
42 13 39 0
42 14 36 0
42 15 37 0
42 16 58 0
42 17 59 0
42 18 56 0
42 19 57 0
42 20 62 0
42 21 63 0
42 22 60 0
42 23 61 0
42 24 50 0
42 25 51 0
42 26 48 0
42 27 49 0
42 28 54 0
42 29 55 0
42 30 52 0
42 31 53 0
42 32 10 0
42 33 11 0
42 34 8 0
42 35 9 0
42 36 14 0
42 37 15 0
42 38 12 0
42 39 13 0
42 40 2 0
42 41 3 0
42 43 1 0
42 44 6 0
42 45 7 0
42 46 4 0
42 47 5 0
42 48 26 0
42 49 27 0
42 50 24 0
42 51 25 0
42 52 30 0
42 53 31 0
42 54 28 0
42 55 29 0
42 56 18 0
42 57 19 0
42 58 16 0
42 59 17 0
42 60 22 0
42 61 23 0
42 62 20 0
42 63 21 0
42 72 98 0
42 73 99 0
42 74 96 0
42 75 97 0
42 96 74 0
42 97 75 0
42 98 72 0
42 99 73 0
43 1 42 0
43 2 41 0
43 3 40 0
43 4 47 0
43 5 46 0
43 6 45 0
43 7 44 0
43 8 35 0
43 9 34 0
43 10 33 0
43 11 32 0
43 12 39 0
43 13 38 0
43 14 37 0
43 15 36 0
43 16 59 0
43 17 58 0
43 18 57 0
43 19 56 0
43 20 63 0
43 21 62 0
43 22 61 0
43 23 60 0
43 24 51 0
43 25 50 0
43 26 49 0
43 27 48 0
43 28 55 0
43 29 54 0
43 30 53 0
43 31 52 0
43 32 11 0
43 33 10 0
43 34 9 0
43 35 8 0
43 36 15 0
43 37 14 0
43 38 13 0
43 39 12 0
43 40 3 0
43 41 2 0
43 42 1 0
43 44 7 0
43 45 6 0
43 46 5 0
43 47 4 0
43 48 27 0
43 49 26 0
43 50 25 0
43 51 24 0
43 52 31 0
43 53 30 0
43 54 29 0
43 55 28 0
43 56 19 0
43 57 18 0
43 58 17 0
43 59 16 0
43 60 23 0
43 61 22 0
43 62 21 0
43 63 20 0
43 72 99 0
43 73 98 0
43 74 97 0
43 75 96 0
43 96 75 0
43 97 74 0
43 98 73 0
43 99 72 0
44 1 45 0
44 2 46 0
44 3 47 0
44 4 40 0
44 5 41 0
44 6 42 0
44 7 43 0
44 8 36 0
44 9 37 0
44 10 38 0
44 11 39 0
44 12 32 0
44 13 33 0
44 14 34 0
44 15 35 0
44 16 60 0
44 17 61 0
44 18 62 0
44 19 63 0
44 20 56 0
44 21 57 0
44 22 58 0
44 23 59 0
44 24 52 0
44 25 53 0
44 26 54 0
44 27 55 0
44 28 48 0
44 29 49 0
44 30 50 0
44 31 51 0
44 32 12 0
44 33 13 0
44 34 14 0
44 35 15 0
44 36 8 0
44 37 9 0
44 38 10 0
44 39 11 0
44 40 4 0
44 41 5 0
44 42 6 0
44 43 7 0
44 45 1 0
44 46 2 0
44 47 3 0
44 48 28 0
44 49 29 0
44 50 30 0
44 51 31 0
44 52 24 0
44 53 25 0
44 54 26 0
44 55 27 0
44 56 20 0
44 57 21 0
44 58 22 0
44 59 23 0
44 60 16 0
44 61 17 0
44 62 18 0
44 63 19 0
44 76 96 0
44 77 97 0
44 78 98 0
44 79 99 0
44 96 76 0
44 97 77 0
44 98 78 0
44 99 79 0
45 1 44 0
45 2 47 0
45 3 46 0
45 4 41 0
45 5 40 0
45 6 43 0
45 7 42 0
45 8 37 0
45 9 36 0
45 10 39 0
45 11 38 0
45 12 33 0
45 13 32 0
45 14 35 0
45 15 34 0
45 16 61 0
45 17 60 0
45 18 63 0
45 19 62 0
45 20 57 0
45 21 56 0
45 22 59 0
45 23 58 0
45 24 53 0
45 25 52 0
45 26 55 0
45 27 54 0
45 28 49 0
45 29 48 0
45 30 51 0
45 31 50 0
45 32 13 0
45 33 12 0
45 34 15 0
45 35 14 0
45 36 9 0
45 37 8 0
45 38 11 0
45 39 10 0
45 40 5 0
45 41 4 0
45 42 7 0
45 43 6 0
45 44 1 0
45 46 3 0
45 47 2 0
45 48 29 0
45 49 28 0
45 50 31 0
45 51 30 0
45 52 25 0
45 53 24 0
45 54 27 0
45 55 26 0
45 56 21 0
45 57 20 0
45 58 23 0
45 59 22 0
45 60 17 0
45 61 16 0
45 62 19 0
45 63 18 0
45 76 97 0
45 77 96 0
45 78 99 0
45 79 98 0
45 96 77 0
45 97 76 0
45 98 79 0
45 99 78 0
46 1 47 0
46 2 44 0
46 3 45 0
46 4 42 0
46 5 43 0
46 6 40 0
46 7 41 0
46 8 38 0
46 9 39 0
46 10 36 0
46 11 37 0
46 12 34 0
46 13 35 0
46 14 32 0
46 15 33 0
46 16 62 0
46 17 63 0
46 18 60 0
46 19 61 0
46 20 58 0
46 21 59 0
46 22 56 0
46 23 57 0
46 24 54 0
46 25 55 0
46 26 52 0
46 27 53 0
46 28 50 0
46 29 51 0
46 30 48 0
46 31 49 0
46 32 14 0
46 33 15 0
46 34 12 0
46 35 13 0
46 36 10 0
46 37 11 0
46 38 8 0
46 39 9 0
46 40 6 0
46 41 7 0
46 42 4 0
46 43 5 0
46 44 2 0
46 45 3 0
46 47 1 0
46 48 30 0
46 49 31 0
46 50 28 0
46 51 29 0
46 52 26 0
46 53 27 0
46 54 24 0
46 55 25 0
46 56 22 0
46 57 23 0
46 58 20 0
46 59 21 0
46 60 18 0
46 61 19 0
46 62 16 0
46 63 17 0
46 76 98 0
46 77 99 0
46 78 96 0
46 79 97 0
46 96 78 0
46 97 79 0
46 98 76 0
46 99 77 0
47 1 46 0
47 2 45 0
47 3 44 0
47 4 43 0
47 5 42 0
47 6 41 0
47 7 40 0
47 8 39 0
47 9 38 0
47 10 37 0
47 11 36 0
47 12 35 0
47 13 34 0
47 14 33 0
47 15 32 0
47 16 63 0
47 17 62 0
47 18 61 0
47 19 60 0
47 20 59 0
47 21 58 0
47 22 57 0
47 23 56 0
47 24 55 0
47 25 54 0
47 26 53 0
47 27 52 0
47 28 51 0
47 29 50 0
47 30 49 0
47 31 48 0
47 32 15 0
47 33 14 0
47 34 13 0
47 35 12 0
47 36 11 0
47 37 10 0
47 38 9 0
47 39 8 0
47 40 7 0
47 41 6 0
47 42 5 0
47 43 4 0
47 44 3 0
47 45 2 0
47 46 1 0
47 48 31 0
47 49 30 0
47 50 29 0
47 51 28 0
47 52 27 0
47 53 26 0
47 54 25 0
47 55 24 0
47 56 23 0
47 57 22 0
47 58 21 0
47 59 20 0
47 60 19 0
47 61 18 0
47 62 17 0
47 63 16 0
47 76 99 0
47 77 98 0
47 78 97 0
47 79 96 0
47 96 79 0
47 97 78 0
47 98 77 0
47 99 76 0
48 1 49 0
48 2 50 0
48 3 51 0
48 4 52 0
48 5 53 0
48 6 54 0
48 7 55 0
48 8 56 0
48 9 57 0
48 10 58 0
48 11 59 0
48 12 60 0
48 13 61 0
48 14 62 0
48 15 63 0
48 16 32 0
48 17 33 0
48 18 34 0
48 19 35 0
48 20 36 0
48 21 37 0
48 22 38 0
48 23 39 0
48 24 40 0
48 25 41 0
48 26 42 0
48 27 43 0
48 28 44 0
48 29 45 0
48 30 46 0
48 31 47 0
48 32 16 0
48 33 17 0
48 34 18 0
48 35 19 0
48 36 20 0
48 37 21 0
48 38 22 0
48 39 23 0
48 40 24 0
48 41 25 0
48 42 26 0
48 43 27 0
48 44 28 0
48 45 29 0
48 46 30 0
48 47 31 0
48 49 1 0
48 50 2 0
48 51 3 0
48 52 4 0
48 53 5 0
48 54 6 0
48 55 7 0
48 56 8 0
48 57 9 0
48 58 10 0
48 59 11 0
48 60 12 0
48 61 13 0
48 62 14 0
48 63 15 0
48 80 96 0
48 81 97 0
48 82 98 0
48 83 99 0
48 96 80 0
48 97 81 0
48 98 82 0
48 99 83 0
49 1 48 0
49 2 51 0
49 3 50 0
49 4 53 0
49 5 52 0
49 6 55 0
49 7 54 0
49 8 57 0
49 9 56 0
49 10 59 0
49 11 58 0
49 12 61 0
49 13 60 0
49 14 63 0
49 15 62 0
49 16 33 0
49 17 32 0
49 18 35 0
49 19 34 0
49 20 37 0
49 21 36 0
49 22 39 0
49 23 38 0
49 24 41 0
49 25 40 0
49 26 43 0
49 27 42 0
49 28 45 0
49 29 44 0
49 30 47 0
49 31 46 0
49 32 17 0
49 33 16 0
49 34 19 0
49 35 18 0
49 36 21 0
49 37 20 0
49 38 23 0
49 39 22 0
49 40 25 0
49 41 24 0
49 42 27 0
49 43 26 0
49 44 29 0
49 45 28 0
49 46 31 0
49 47 30 0
49 48 1 0
49 50 3 0
49 51 2 0
49 52 5 0
49 53 4 0
49 54 7 0
49 55 6 0
49 56 9 0
49 57 8 0
49 58 11 0
49 59 10 0
49 60 13 0
49 61 12 0
49 62 15 0
49 63 14 0
49 80 97 0
49 81 96 0
49 82 99 0
49 83 98 0
49 96 81 0
49 97 80 0
49 98 83 0
49 99 82 0
50 1 51 0
50 2 48 0
50 3 49 0
50 4 54 0
50 5 55 0
50 6 52 0
50 7 53 0
50 8 58 0
50 9 59 0
50 10 56 0
50 11 57 0
50 12 62 0
50 13 63 0
50 14 60 0
50 15 61 0
50 16 34 0
50 17 35 0
50 18 32 0
50 19 33 0
50 20 38 0
50 21 39 0
50 22 36 0
50 23 37 0
50 24 42 0
50 25 43 0
50 26 40 0
50 27 41 0
50 28 46 0
50 29 47 0
50 30 44 0
50 31 45 0
50 32 18 0
50 33 19 0
50 34 16 0
50 35 17 0
50 36 22 0
50 37 23 0
50 38 20 0
50 39 21 0
50 40 26 0
50 41 27 0
50 42 24 0
50 43 25 0
50 44 30 0
50 45 31 0
50 46 28 0
50 47 29 0
50 48 2 0
50 49 3 0
50 51 1 0
50 52 6 0
50 53 7 0
50 54 4 0
50 55 5 0
50 56 10 0
50 57 11 0
50 58 8 0
50 59 9 0
50 60 14 0
50 61 15 0
50 62 12 0
50 63 13 0
50 80 98 0
50 81 99 0
50 82 96 0
50 83 97 0
50 96 82 0
50 97 83 0
50 98 80 0
50 99 81 0
51 1 50 0
51 2 49 0
51 3 48 0
51 4 55 0
51 5 54 0
51 6 53 0
51 7 52 0
51 8 59 0
51 9 58 0
51 10 57 0
51 11 56 0
51 12 63 0
51 13 62 0
51 14 61 0
51 15 60 0
51 16 35 0
51 17 34 0
51 18 33 0
51 19 32 0
51 20 39 0
51 21 38 0
51 22 37 0
51 23 36 0
51 24 43 0
51 25 42 0
51 26 41 0
51 27 40 0
51 28 47 0
51 29 46 0
51 30 45 0
51 31 44 0
51 32 19 0
51 33 18 0
51 34 17 0
51 35 16 0
51 36 23 0
51 37 22 0
51 38 21 0
51 39 20 0
51 40 27 0
51 41 26 0
51 42 25 0
51 43 24 0
51 44 31 0
51 45 30 0
51 46 29 0
51 47 28 0
51 48 3 0
51 49 2 0
51 50 1 0
51 52 7 0
51 53 6 0
51 54 5 0
51 55 4 0
51 56 11 0
51 57 10 0
51 58 9 0
51 59 8 0
51 60 15 0
51 61 14 0
51 62 13 0
51 63 12 0
51 80 99 0
51 81 98 0
51 82 97 0
51 83 96 0
51 96 83 0
51 97 82 0
51 98 81 0
51 99 80 0
52 1 53 0
52 2 54 0
52 3 55 0
52 4 48 0
52 5 49 0
52 6 50 0
52 7 51 0
52 8 60 0
52 9 61 0
52 10 62 0
52 11 63 0
52 12 56 0
52 13 57 0
52 14 58 0
52 15 59 0
52 16 36 0
52 17 37 0
52 18 38 0
52 19 39 0
52 20 32 0
52 21 33 0
52 22 34 0
52 23 35 0
52 24 44 0
52 25 45 0
52 26 46 0
52 27 47 0
52 28 40 0
52 29 41 0
52 30 42 0
52 31 43 0
52 32 20 0
52 33 21 0
52 34 22 0
52 35 23 0
52 36 16 0
52 37 17 0
52 38 18 0
52 39 19 0
52 40 28 0
52 41 29 0
52 42 30 0
52 43 31 0
52 44 24 0
52 45 25 0
52 46 26 0
52 47 27 0
52 48 4 0
52 49 5 0
52 50 6 0
52 51 7 0
52 53 1 0
52 54 2 0
52 55 3 0
52 56 12 0
52 57 13 0
52 58 14 0
52 59 15 0
52 60 8 0
52 61 9 0
52 62 10 0
52 63 11 0
52 84 96 0
52 85 97 0
52 86 98 0
52 87 99 0
52 96 84 0
52 97 85 0
52 98 86 0
52 99 87 0
53 1 52 0
53 2 55 0
53 3 54 0
53 4 49 0
53 5 48 0
53 6 51 0
53 7 50 0
53 8 61 0
53 9 60 0
53 10 63 0
53 11 62 0
53 12 57 0
53 13 56 0
53 14 59 0
53 15 58 0
53 16 37 0
53 17 36 0
53 18 39 0
53 19 38 0
53 20 33 0
53 21 32 0
53 22 35 0
53 23 34 0
53 24 45 0
53 25 44 0
53 26 47 0
53 27 46 0
53 28 41 0
53 29 40 0
53 30 43 0
53 31 42 0
53 32 21 0
53 33 20 0
53 34 23 0
53 35 22 0
53 36 17 0
53 37 16 0
53 38 19 0
53 39 18 0
53 40 29 0
53 41 28 0
53 42 31 0
53 43 30 0
53 44 25 0
53 45 24 0
53 46 27 0
53 47 26 0
53 48 5 0
53 49 4 0
53 50 7 0
53 51 6 0
53 52 1 0
53 54 3 0
53 55 2 0
53 56 13 0
53 57 12 0
53 58 15 0
53 59 14 0
53 60 9 0
53 61 8 0
53 62 11 0
53 63 10 0
53 84 97 0
53 85 96 0
53 86 99 0
53 87 98 0
53 96 85 0
53 97 84 0
53 98 87 0
53 99 86 0
54 1 55 0
54 2 52 0
54 3 53 0
54 4 50 0
54 5 51 0
54 6 48 0
54 7 49 0
54 8 62 0
54 9 63 0
54 10 60 0
54 11 61 0
54 12 58 0
54 13 59 0
54 14 56 0
54 15 57 0
54 16 38 0
54 17 39 0
54 18 36 0
54 19 37 0
54 20 34 0
54 21 35 0
54 22 32 0
54 23 33 0
54 24 46 0
54 25 47 0
54 26 44 0
54 27 45 0
54 28 42 0
54 29 43 0
54 30 40 0
54 31 41 0
54 32 22 0
54 33 23 0
54 34 20 0
54 35 21 0
54 36 18 0
54 37 19 0
54 38 16 0
54 39 17 0
54 40 30 0
54 41 31 0
54 42 28 0
54 43 29 0
54 44 26 0
54 45 27 0
54 46 24 0
54 47 25 0
54 48 6 0
54 49 7 0
54 50 4 0
54 51 5 0
54 52 2 0
54 53 3 0
54 55 1 0
54 56 14 0
54 57 15 0
54 58 12 0
54 59 13 0
54 60 10 0
54 61 11 0
54 62 8 0
54 63 9 0
54 84 98 0
54 85 99 0
54 86 96 0
54 87 97 0
54 96 86 0
54 97 87 0
54 98 84 0
54 99 85 0
55 1 54 0
55 2 53 0
55 3 52 0
55 4 51 0
55 5 50 0
55 6 49 0
55 7 48 0
55 8 63 0
55 9 62 0
55 10 61 0
55 11 60 0
55 12 59 0
55 13 58 0
55 14 57 0
55 15 56 0
55 16 39 0
55 17 38 0
55 18 37 0
55 19 36 0
55 20 35 0
55 21 34 0
55 22 33 0
55 23 32 0
55 24 47 0
55 25 46 0
55 26 45 0
55 27 44 0
55 28 43 0
55 29 42 0
55 30 41 0
55 31 40 0
55 32 23 0
55 33 22 0
55 34 21 0
55 35 20 0
55 36 19 0
55 37 18 0
55 38 17 0
55 39 16 0
55 40 31 0
55 41 30 0
55 42 29 0
55 43 28 0
55 44 27 0
55 45 26 0
55 46 25 0
55 47 24 0
55 48 7 0
55 49 6 0
55 50 5 0
55 51 4 0
55 52 3 0
55 53 2 0
55 54 1 0
55 56 15 0
55 57 14 0
55 58 13 0
55 59 12 0
55 60 11 0
55 61 10 0
55 62 9 0
55 63 8 0
55 84 99 0
55 85 98 0
55 86 97 0
55 87 96 0
55 96 87 0
55 97 86 0
55 98 85 0
55 99 84 0
56 1 57 0
56 2 58 0
56 3 59 0
56 4 60 0
56 5 61 0
56 6 62 0
56 7 63 0
56 8 48 0
56 9 49 0
56 10 50 0
56 11 51 0
56 12 52 0
56 13 53 0
56 14 54 0
56 15 55 0
56 16 40 0
56 17 41 0
56 18 42 0
56 19 43 0
56 20 44 0
56 21 45 0
56 22 46 0
56 23 47 0
56 24 32 0
56 25 33 0
56 26 34 0
56 27 35 0
56 28 36 0
56 29 37 0
56 30 38 0
56 31 39 0
56 32 24 0
56 33 25 0
56 34 26 0
56 35 27 0
56 36 28 0
56 37 29 0
56 38 30 0
56 39 31 0
56 40 16 0
56 41 17 0
56 42 18 0
56 43 19 0
56 44 20 0
56 45 21 0
56 46 22 0
56 47 23 0
56 48 8 0
56 49 9 0
56 50 10 0
56 51 11 0
56 52 12 0
56 53 13 0
56 54 14 0
56 55 15 0
56 57 1 0
56 58 2 0
56 59 3 0
56 60 4 0
56 61 5 0
56 62 6 0
56 63 7 0
56 88 96 0
56 89 97 0
56 90 98 0
56 91 99 0
56 96 88 0
56 97 89 0
56 98 90 0
56 99 91 0
57 1 56 0
57 2 59 0
57 3 58 0
57 4 61 0
57 5 60 0
57 6 63 0
57 7 62 0
57 8 49 0
57 9 48 0
57 10 51 0
57 11 50 0
57 12 53 0
57 13 52 0
57 14 55 0
57 15 54 0
57 16 41 0
57 17 40 0
57 18 43 0
57 19 42 0
57 20 45 0
57 21 44 0
57 22 47 0
57 23 46 0
57 24 33 0
57 25 32 0
57 26 35 0
57 27 34 0
57 28 37 0
57 29 36 0
57 30 39 0
57 31 38 0
57 32 25 0
57 33 24 0
57 34 27 0
57 35 26 0
57 36 29 0
57 37 28 0
57 38 31 0
57 39 30 0
57 40 17 0
57 41 16 0
57 42 19 0
57 43 18 0
57 44 21 0
57 45 20 0
57 46 23 0
57 47 22 0
57 48 9 0
57 49 8 0
57 50 11 0
57 51 10 0
57 52 13 0
57 53 12 0
57 54 15 0
57 55 14 0
57 56 1 0
57 58 3 0
57 59 2 0
57 60 5 0
57 61 4 0
57 62 7 0
57 63 6 0
57 88 97 0
57 89 96 0
57 90 99 0
57 91 98 0
57 96 89 0
57 97 88 0
57 98 91 0
57 99 90 0
58 1 59 0
58 2 56 0
58 3 57 0
58 4 62 0
58 5 63 0
58 6 60 0
58 7 61 0
58 8 50 0
58 9 51 0
58 10 48 0
58 11 49 0
58 12 54 0
58 13 55 0
58 14 52 0
58 15 53 0
58 16 42 0
58 17 43 0
58 18 40 0
58 19 41 0
58 20 46 0
58 21 47 0
58 22 44 0
58 23 45 0
58 24 34 0
58 25 35 0
58 26 32 0
58 27 33 0
58 28 38 0
58 29 39 0
58 30 36 0
58 31 37 0
58 32 26 0
58 33 27 0
58 34 24 0
58 35 25 0
58 36 30 0
58 37 31 0
58 38 28 0
58 39 29 0
58 40 18 0
58 41 19 0
58 42 16 0
58 43 17 0
58 44 22 0
58 45 23 0
58 46 20 0
58 47 21 0
58 48 10 0
58 49 11 0
58 50 8 0
58 51 9 0
58 52 14 0
58 53 15 0
58 54 12 0
58 55 13 0
58 56 2 0
58 57 3 0
58 59 1 0
58 60 6 0
58 61 7 0
58 62 4 0
58 63 5 0
58 88 98 0
58 89 99 0
58 90 96 0
58 91 97 0
58 96 90 0
58 97 91 0
58 98 88 0
58 99 89 0
59 1 58 0
59 2 57 0
59 3 56 0
59 4 63 0
59 5 62 0
59 6 61 0
59 7 60 0
59 8 51 0
59 9 50 0
59 10 49 0
59 11 48 0
59 12 55 0
59 13 54 0
59 14 53 0
59 15 52 0
59 16 43 0
59 17 42 0
59 18 41 0
59 19 40 0
59 20 47 0
59 21 46 0
59 22 45 0
59 23 44 0
59 24 35 0
59 25 34 0
59 26 33 0
59 27 32 0
59 28 39 0
59 29 38 0
59 30 37 0
59 31 36 0
59 32 27 0
59 33 26 0
59 34 25 0
59 35 24 0
59 36 31 0
59 37 30 0
59 38 29 0
59 39 28 0
59 40 19 0
59 41 18 0
59 42 17 0
59 43 16 0
59 44 23 0
59 45 22 0
59 46 21 0
59 47 20 0
59 48 11 0
59 49 10 0
59 50 9 0
59 51 8 0
59 52 15 0
59 53 14 0
59 54 13 0
59 55 12 0
59 56 3 0
59 57 2 0
59 58 1 0
59 60 7 0
59 61 6 0
59 62 5 0
59 63 4 0
59 88 99 0
59 89 98 0
59 90 97 0
59 91 96 0
59 96 91 0
59 97 90 0
59 98 89 0
59 99 88 0
60 1 61 0
60 2 62 0
60 3 63 0
60 4 56 0
60 5 57 0
60 6 58 0
60 7 59 0
60 8 52 0
60 9 53 0
60 10 54 0
60 11 55 0
60 12 48 0
60 13 49 0
60 14 50 0
60 15 51 0
60 16 44 0
60 17 45 0
60 18 46 0
60 19 47 0
60 20 40 0
60 21 41 0
60 22 42 0
60 23 43 0
60 24 36 0
60 25 37 0
60 26 38 0
60 27 39 0
60 28 32 0
60 29 33 0
60 30 34 0
60 31 35 0
60 32 28 0
60 33 29 0
60 34 30 0
60 35 31 0
60 36 24 0
60 37 25 0
60 38 26 0
60 39 27 0
60 40 20 0
60 41 21 0
60 42 22 0
60 43 23 0
60 44 16 0
60 45 17 0
60 46 18 0
60 47 19 0
60 48 12 0
60 49 13 0
60 50 14 0
60 51 15 0
60 52 8 0
60 53 9 0
60 54 10 0
60 55 11 0
60 56 4 0
60 57 5 0
60 58 6 0
60 59 7 0
60 61 1 0
60 62 2 0
60 63 3 0
60 92 96 0
60 93 97 0
60 94 98 0
60 95 99 0
60 96 92 0
60 97 93 0
60 98 94 0
60 99 95 0
61 1 60 0
61 2 63 0
61 3 62 0
61 4 57 0
61 5 56 0
61 6 59 0
61 7 58 0
61 8 53 0
61 9 52 0
61 10 55 0
61 11 54 0
61 12 49 0
61 13 48 0
61 14 51 0
61 15 50 0
61 16 45 0
61 17 44 0
61 18 47 0
61 19 46 0
61 20 41 0
61 21 40 0
61 22 43 0
61 23 42 0
61 24 37 0
61 25 36 0
61 26 39 0
61 27 38 0
61 28 33 0
61 29 32 0
61 30 35 0
61 31 34 0
61 32 29 0
61 33 28 0
61 34 31 0
61 35 30 0
61 36 25 0
61 37 24 0
61 38 27 0
61 39 26 0
61 40 21 0
61 41 20 0
61 42 23 0
61 43 22 0
61 44 17 0
61 45 16 0
61 46 19 0
61 47 18 0
61 48 13 0
61 49 12 0
61 50 15 0
61 51 14 0
61 52 9 0
61 53 8 0
61 54 11 0
61 55 10 0
61 56 5 0
61 57 4 0
61 58 7 0
61 59 6 0
61 60 1 0
61 62 3 0
61 63 2 0
61 92 97 0
61 93 96 0
61 94 99 0
61 95 98 0
61 96 93 0
61 97 92 0
61 98 95 0
61 99 94 0
62 1 63 0
62 2 60 0
62 3 61 0
62 4 58 0
62 5 59 0
62 6 56 0
62 7 57 0
62 8 54 0
62 9 55 0
62 10 52 0
62 11 53 0
62 12 50 0
62 13 51 0
62 14 48 0
62 15 49 0
62 16 46 0
62 17 47 0
62 18 44 0
62 19 45 0
62 20 42 0
62 21 43 0
62 22 40 0
62 23 41 0
62 24 38 0
62 25 39 0
62 26 36 0
62 27 37 0
62 28 34 0
62 29 35 0
62 30 32 0
62 31 33 0
62 32 30 0
62 33 31 0
62 34 28 0
62 35 29 0
62 36 26 0
62 37 27 0
62 38 24 0
62 39 25 0
62 40 22 0
62 41 23 0
62 42 20 0
62 43 21 0
62 44 18 0
62 45 19 0
62 46 16 0
62 47 17 0
62 48 14 0
62 49 15 0
62 50 12 0
62 51 13 0
62 52 10 0
62 53 11 0
62 54 8 0
62 55 9 0
62 56 6 0
62 57 7 0
62 58 4 0
62 59 5 0
62 60 2 0
62 61 3 0
62 63 1 0
62 92 98 0
62 93 99 0
62 94 96 0
62 95 97 0
62 96 94 0
62 97 95 0
62 98 92 0
62 99 93 0
63 1 62 0
63 2 61 0
63 3 60 0
63 4 59 0
63 5 58 0
63 6 57 0
63 7 56 0
63 8 55 0
63 9 54 0
63 10 53 0
63 11 52 0
63 12 51 0
63 13 50 0
63 14 49 0
63 15 48 0
63 16 47 0
63 17 46 0
63 18 45 0
63 19 44 0
63 20 43 0
63 21 42 0
63 22 41 0
63 23 40 0
63 24 39 0
63 25 38 0
63 26 37 0
63 27 36 0
63 28 35 0
63 29 34 0
63 30 33 0
63 31 32 0
63 32 31 0
63 33 30 0
63 34 29 0
63 35 28 0
63 36 27 0
63 37 26 0
63 38 25 0
63 39 24 0
63 40 23 0
63 41 22 0
63 42 21 0
63 43 20 0
63 44 19 0
63 45 18 0
63 46 17 0
63 47 16 0
63 48 15 0
63 49 14 0
63 50 13 0
63 51 12 0
63 52 11 0
63 53 10 0
63 54 9 0
63 55 8 0
63 56 7 0
63 57 6 0
63 58 5 0
63 59 4 0
63 60 3 0
63 61 2 0
63 62 1 0
63 92 99 0
63 93 98 0
63 94 97 0
63 95 96 0
63 96 95 0
63 97 94 0
63 98 93 0
63 99 92 0
64 1 65 0
64 2 66 0
64 3 67 0
64 4 68 0
64 5 69 0
64 6 70 0
64 7 71 0
64 8 72 0
64 9 73 0
64 10 74 0
64 11 75 0
64 12 76 0
64 13 77 0
64 14 78 0
64 15 79 0
64 16 80 0
64 17 81 0
64 18 82 0
64 19 83 0
64 20 84 0
64 21 85 0
64 22 86 0
64 23 87 0
64 24 88 0
64 25 89 0
64 26 90 0
64 27 91 0
64 28 92 0
64 29 93 0
64 30 94 0
64 31 95 0
64 32 96 0
64 33 97 0
64 34 98 0
64 35 99 0
64 65 1 0
64 66 2 0
64 67 3 0
64 68 4 0
64 69 5 0
64 70 6 0
64 71 7 0
64 72 8 0
64 73 9 0
64 74 10 0
64 75 11 0
64 76 12 0
64 77 13 0
64 78 14 0
64 79 15 0
64 80 16 0
64 81 17 0
64 82 18 0
64 83 19 0
64 84 20 0
64 85 21 0
64 86 22 0
64 87 23 0
64 88 24 0
64 89 25 0
64 90 26 0
64 91 27 0
64 92 28 0
64 93 29 0
64 94 30 0
64 95 31 0
64 96 32 0
64 97 33 0
64 98 34 0
64 99 35 0
65 1 64 0
65 2 67 0
65 3 66 0
65 4 69 0
65 5 68 0
65 6 71 0
65 7 70 0
65 8 73 0
65 9 72 0
65 10 75 0
65 11 74 0
65 12 77 0
65 13 76 0
65 14 79 0
65 15 78 0
65 16 81 0
65 17 80 0
65 18 83 0
65 19 82 0
65 20 85 0
65 21 84 0
65 22 87 0
65 23 86 0
65 24 89 0
65 25 88 0
65 26 91 0
65 27 90 0
65 28 93 0
65 29 92 0
65 30 95 0
65 31 94 0
65 32 97 0
65 33 96 0
65 34 99 0
65 35 98 0
65 64 1 0
65 66 3 0
65 67 2 0
65 68 5 0
65 69 4 0
65 70 7 0
65 71 6 0
65 72 9 0
65 73 8 0
65 74 11 0
65 75 10 0
65 76 13 0
65 77 12 0
65 78 15 0
65 79 14 0
65 80 17 0
65 81 16 0
65 82 19 0
65 83 18 0
65 84 21 0
65 85 20 0
65 86 23 0
65 87 22 0
65 88 25 0
65 89 24 0
65 90 27 0
65 91 26 0
65 92 29 0
65 93 28 0
65 94 31 0
65 95 30 0
65 96 33 0
65 97 32 0
65 98 35 0
65 99 34 0
66 1 67 0
66 2 64 0
66 3 65 0
66 4 70 0
66 5 71 0
66 6 68 0
66 7 69 0
66 8 74 0
66 9 75 0
66 10 72 0
66 11 73 0
66 12 78 0
66 13 79 0
66 14 76 0
66 15 77 0
66 16 82 0
66 17 83 0
66 18 80 0
66 19 81 0
66 20 86 0
66 21 87 0
66 22 84 0
66 23 85 0
66 24 90 0
66 25 91 0
66 26 88 0
66 27 89 0
66 28 94 0
66 29 95 0
66 30 92 0
66 31 93 0
66 32 98 0
66 33 99 0
66 34 96 0
66 35 97 0
66 64 2 0
66 65 3 0
66 67 1 0
66 68 6 0
66 69 7 0
66 70 4 0
66 71 5 0
66 72 10 0
66 73 11 0
66 74 8 0
66 75 9 0
66 76 14 0
66 77 15 0
66 78 12 0
66 79 13 0
66 80 18 0
66 81 19 0
66 82 16 0
66 83 17 0
66 84 22 0
66 85 23 0
66 86 20 0
66 87 21 0
66 88 26 0
66 89 27 0
66 90 24 0
66 91 25 0
66 92 30 0
66 93 31 0
66 94 28 0
66 95 29 0
66 96 34 0
66 97 35 0
66 98 32 0
66 99 33 0
67 1 66 0
67 2 65 0
67 3 64 0
67 4 71 0
67 5 70 0
67 6 69 0
67 7 68 0
67 8 75 0
67 9 74 0
67 10 73 0
67 11 72 0
67 12 79 0
67 13 78 0
67 14 77 0
67 15 76 0
67 16 83 0
67 17 82 0
67 18 81 0
67 19 80 0
67 20 87 0
67 21 86 0
67 22 85 0
67 23 84 0
67 24 91 0
67 25 90 0
67 26 89 0
67 27 88 0
67 28 95 0
67 29 94 0
67 30 93 0
67 31 92 0
67 32 99 0
67 33 98 0
67 34 97 0
67 35 96 0
67 64 3 0
67 65 2 0
67 66 1 0
67 68 7 0
67 69 6 0
67 70 5 0
67 71 4 0
67 72 11 0
67 73 10 0
67 74 9 0
67 75 8 0
67 76 15 0
67 77 14 0
67 78 13 0
67 79 12 0
67 80 19 0
67 81 18 0
67 82 17 0
67 83 16 0
67 84 23 0
67 85 22 0
67 86 21 0
67 87 20 0
67 88 27 0
67 89 26 0
67 90 25 0
67 91 24 0
67 92 31 0
67 93 30 0
67 94 29 0
67 95 28 0
67 96 35 0
67 97 34 0
67 98 33 0
67 99 32 0
68 1 69 0
68 2 70 0
68 3 71 0
68 4 64 0
68 5 65 0
68 6 66 0
68 7 67 0
68 8 76 0
68 9 77 0
68 10 78 0
68 11 79 0
68 12 72 0
68 13 73 0
68 14 74 0
68 15 75 0
68 16 84 0
68 17 85 0
68 18 86 0
68 19 87 0
68 20 80 0
68 21 81 0
68 22 82 0
68 23 83 0
68 24 92 0
68 25 93 0
68 26 94 0
68 27 95 0
68 28 88 0
68 29 89 0
68 30 90 0
68 31 91 0
68 36 96 0
68 37 97 0
68 38 98 0
68 39 99 0
68 64 4 0
68 65 5 0
68 66 6 0
68 67 7 0
68 69 1 0
68 70 2 0
68 71 3 0
68 72 12 0
68 73 13 0
68 74 14 0
68 75 15 0
68 76 8 0
68 77 9 0
68 78 10 0
68 79 11 0
68 80 20 0
68 81 21 0
68 82 22 0
68 83 23 0
68 84 16 0
68 85 17 0
68 86 18 0
68 87 19 0
68 88 28 0
68 89 29 0
68 90 30 0
68 91 31 0
68 92 24 0
68 93 25 0
68 94 26 0
68 95 27 0
68 96 36 0
68 97 37 0
68 98 38 0
68 99 39 0
69 1 68 0
69 2 71 0
69 3 70 0
69 4 65 0
69 5 64 0
69 6 67 0
69 7 66 0
69 8 77 0
69 9 76 0
69 10 79 0
69 11 78 0
69 12 73 0
69 13 72 0
69 14 75 0
69 15 74 0
69 16 85 0
69 17 84 0
69 18 87 0
69 19 86 0
69 20 81 0
69 21 80 0
69 22 83 0
69 23 82 0
69 24 93 0
69 25 92 0
69 26 95 0
69 27 94 0
69 28 89 0
69 29 88 0
69 30 91 0
69 31 90 0
69 36 97 0
69 37 96 0
69 38 99 0
69 39 98 0
69 64 5 0
69 65 4 0
69 66 7 0
69 67 6 0
69 68 1 0
69 70 3 0
69 71 2 0
69 72 13 0
69 73 12 0
69 74 15 0
69 75 14 0
69 76 9 0
69 77 8 0
69 78 11 0
69 79 10 0
69 80 21 0
69 81 20 0
69 82 23 0
69 83 22 0
69 84 17 0
69 85 16 0
69 86 19 0
69 87 18 0
69 88 29 0
69 89 28 0
69 90 31 0
69 91 30 0
69 92 25 0
69 93 24 0
69 94 27 0
69 95 26 0
69 96 37 0
69 97 36 0
69 98 39 0
69 99 38 0
70 1 71 0
70 2 68 0
70 3 69 0
70 4 66 0
70 5 67 0
70 6 64 0
70 7 65 0
70 8 78 0
70 9 79 0
70 10 76 0
70 11 77 0
70 12 74 0
70 13 75 0
70 14 72 0
70 15 73 0
70 16 86 0
70 17 87 0
70 18 84 0
70 19 85 0
70 20 82 0
70 21 83 0
70 22 80 0
70 23 81 0
70 24 94 0
70 25 95 0
70 26 92 0
70 27 93 0
70 28 90 0
70 29 91 0
70 30 88 0
70 31 89 0
70 36 98 0
70 37 99 0
70 38 96 0
70 39 97 0
70 64 6 0
70 65 7 0
70 66 4 0
70 67 5 0
70 68 2 0
70 69 3 0
70 71 1 0
70 72 14 0
70 73 15 0
70 74 12 0
70 75 13 0
70 76 10 0
70 77 11 0
70 78 8 0
70 79 9 0
70 80 22 0
70 81 23 0
70 82 20 0
70 83 21 0
70 84 18 0
70 85 19 0
70 86 16 0
70 87 17 0
70 88 30 0
70 89 31 0
70 90 28 0
70 91 29 0
70 92 26 0
70 93 27 0
70 94 24 0
70 95 25 0
70 96 38 0
70 97 39 0
70 98 36 0
70 99 37 0
71 1 70 0
71 2 69 0
71 3 68 0
71 4 67 0
71 5 66 0
71 6 65 0
71 7 64 0
71 8 79 0
71 9 78 0
71 10 77 0
71 11 76 0
71 12 75 0
71 13 74 0
71 14 73 0
71 15 72 0
71 16 87 0
71 17 86 0
71 18 85 0
71 19 84 0
71 20 83 0
71 21 82 0
71 22 81 0
71 23 80 0
71 24 95 0
71 25 94 0
71 26 93 0
71 27 92 0
71 28 91 0
71 29 90 0
71 30 89 0
71 31 88 0
71 36 99 0
71 37 98 0
71 38 97 0
71 39 96 0
71 64 7 0
71 65 6 0
71 66 5 0
71 67 4 0
71 68 3 0
71 69 2 0
71 70 1 0
71 72 15 0
71 73 14 0
71 74 13 0
71 75 12 0
71 76 11 0
71 77 10 0
71 78 9 0
71 79 8 0
71 80 23 0
71 81 22 0
71 82 21 0
71 83 20 0
71 84 19 0
71 85 18 0
71 86 17 0
71 87 16 0
71 88 31 0
71 89 30 0
71 90 29 0
71 91 28 0
71 92 27 0
71 93 26 0
71 94 25 0
71 95 24 0
71 96 39 0
71 97 38 0
71 98 37 0
71 99 36 0
72 1 73 0
72 2 74 0
72 3 75 0
72 4 76 0
72 5 77 0
72 6 78 0
72 7 79 0
72 8 64 0
72 9 65 0
72 10 66 0
72 11 67 0
72 12 68 0
72 13 69 0
72 14 70 0
72 15 71 0
72 16 88 0
72 17 89 0
72 18 90 0
72 19 91 0
72 20 92 0
72 21 93 0
72 22 94 0
72 23 95 0
72 24 80 0
72 25 81 0
72 26 82 0
72 27 83 0
72 28 84 0
72 29 85 0
72 30 86 0
72 31 87 0
72 40 96 0
72 41 97 0
72 42 98 0
72 43 99 0
72 64 8 0
72 65 9 0
72 66 10 0
72 67 11 0
72 68 12 0
72 69 13 0
72 70 14 0
72 71 15 0
72 73 1 0
72 74 2 0
72 75 3 0
72 76 4 0
72 77 5 0
72 78 6 0
72 79 7 0
72 80 24 0
72 81 25 0
72 82 26 0
72 83 27 0
72 84 28 0
72 85 29 0
72 86 30 0
72 87 31 0
72 88 16 0
72 89 17 0
72 90 18 0
72 91 19 0
72 92 20 0
72 93 21 0
72 94 22 0
72 95 23 0
72 96 40 0
72 97 41 0
72 98 42 0
72 99 43 0
73 1 72 0
73 2 75 0
73 3 74 0
73 4 77 0
73 5 76 0
73 6 79 0
73 7 78 0
73 8 65 0
73 9 64 0
73 10 67 0
73 11 66 0
73 12 69 0
73 13 68 0
73 14 71 0
73 15 70 0
73 16 89 0
73 17 88 0
73 18 91 0
73 19 90 0
73 20 93 0
73 21 92 0
73 22 95 0
73 23 94 0
73 24 81 0
73 25 80 0
73 26 83 0
73 27 82 0
73 28 85 0
73 29 84 0
73 30 87 0
73 31 86 0
73 40 97 0
73 41 96 0
73 42 99 0
73 43 98 0
73 64 9 0
73 65 8 0
73 66 11 0
73 67 10 0
73 68 13 0
73 69 12 0
73 70 15 0
73 71 14 0
73 72 1 0
73 74 3 0
73 75 2 0
73 76 5 0
73 77 4 0
73 78 7 0
73 79 6 0
73 80 25 0
73 81 24 0
73 82 27 0
73 83 26 0
73 84 29 0
73 85 28 0
73 86 31 0
73 87 30 0
73 88 17 0
73 89 16 0
73 90 19 0
73 91 18 0
73 92 21 0
73 93 20 0
73 94 23 0
73 95 22 0
73 96 41 0
73 97 40 0
73 98 43 0
73 99 42 0
74 1 75 0
74 2 72 0
74 3 73 0
74 4 78 0
74 5 79 0
74 6 76 0
74 7 77 0
74 8 66 0
74 9 67 0
74 10 64 0
74 11 65 0
74 12 70 0
74 13 71 0
74 14 68 0
74 15 69 0
74 16 90 0
74 17 91 0
74 18 88 0
74 19 89 0
74 20 94 0
74 21 95 0
74 22 92 0
74 23 93 0
74 24 82 0
74 25 83 0
74 26 80 0
74 27 81 0
74 28 86 0
74 29 87 0
74 30 84 0
74 31 85 0
74 40 98 0
74 41 99 0
74 42 96 0
74 43 97 0
74 64 10 0
74 65 11 0
74 66 8 0
74 67 9 0
74 68 14 0
74 69 15 0
74 70 12 0
74 71 13 0
74 72 2 0
74 73 3 0
74 75 1 0
74 76 6 0
74 77 7 0
74 78 4 0
74 79 5 0
74 80 26 0
74 81 27 0
74 82 24 0
74 83 25 0
74 84 30 0
74 85 31 0
74 86 28 0
74 87 29 0
74 88 18 0
74 89 19 0
74 90 16 0
74 91 17 0
74 92 22 0
74 93 23 0
74 94 20 0
74 95 21 0
74 96 42 0
74 97 43 0
74 98 40 0
74 99 41 0
75 1 74 0
75 2 73 0
75 3 72 0
75 4 79 0
75 5 78 0
75 6 77 0
75 7 76 0
75 8 67 0
75 9 66 0
75 10 65 0
75 11 64 0
75 12 71 0
75 13 70 0
75 14 69 0
75 15 68 0
75 16 91 0
75 17 90 0
75 18 89 0
75 19 88 0
75 20 95 0
75 21 94 0
75 22 93 0
75 23 92 0
75 24 83 0
75 25 82 0
75 26 81 0
75 27 80 0
75 28 87 0
75 29 86 0
75 30 85 0
75 31 84 0
75 40 99 0
75 41 98 0
75 42 97 0
75 43 96 0
75 64 11 0
75 65 10 0
75 66 9 0
75 67 8 0
75 68 15 0
75 69 14 0
75 70 13 0
75 71 12 0
75 72 3 0
75 73 2 0
75 74 1 0
75 76 7 0
75 77 6 0
75 78 5 0
75 79 4 0
75 80 27 0
75 81 26 0
75 82 25 0
75 83 24 0
75 84 31 0
75 85 30 0
75 86 29 0
75 87 28 0
75 88 19 0
75 89 18 0
75 90 17 0
75 91 16 0
75 92 23 0
75 93 22 0
75 94 21 0
75 95 20 0
75 96 43 0
75 97 42 0
75 98 41 0
75 99 40 0
76 1 77 0
76 2 78 0
76 3 79 0
76 4 72 0
76 5 73 0
76 6 74 0
76 7 75 0
76 8 68 0
76 9 69 0
76 10 70 0
76 11 71 0
76 12 64 0
76 13 65 0
76 14 66 0
76 15 67 0
76 16 92 0
76 17 93 0
76 18 94 0
76 19 95 0
76 20 88 0
76 21 89 0
76 22 90 0
76 23 91 0
76 24 84 0
76 25 85 0
76 26 86 0
76 27 87 0
76 28 80 0
76 29 81 0
76 30 82 0
76 31 83 0
76 44 96 0
76 45 97 0
76 46 98 0
76 47 99 0
76 64 12 0
76 65 13 0
76 66 14 0
76 67 15 0
76 68 8 0
76 69 9 0
76 70 10 0
76 71 11 0
76 72 4 0
76 73 5 0
76 74 6 0
76 75 7 0
76 77 1 0
76 78 2 0
76 79 3 0
76 80 28 0
76 81 29 0
76 82 30 0
76 83 31 0
76 84 24 0
76 85 25 0
76 86 26 0
76 87 27 0
76 88 20 0
76 89 21 0
76 90 22 0
76 91 23 0
76 92 16 0
76 93 17 0
76 94 18 0
76 95 19 0
76 96 44 0
76 97 45 0
76 98 46 0
76 99 47 0
77 1 76 0
77 2 79 0
77 3 78 0
77 4 73 0
77 5 72 0
77 6 75 0
77 7 74 0
77 8 69 0
77 9 68 0
77 10 71 0
77 11 70 0
77 12 65 0
77 13 64 0
77 14 67 0
77 15 66 0
77 16 93 0
77 17 92 0
77 18 95 0
77 19 94 0
77 20 89 0
77 21 88 0
77 22 91 0
77 23 90 0
77 24 85 0
77 25 84 0
77 26 87 0
77 27 86 0
77 28 81 0
77 29 80 0
77 30 83 0
77 31 82 0
77 44 97 0
77 45 96 0
77 46 99 0
77 47 98 0
77 64 13 0
77 65 12 0
77 66 15 0
77 67 14 0
77 68 9 0
77 69 8 0
77 70 11 0
77 71 10 0
77 72 5 0
77 73 4 0
77 74 7 0
77 75 6 0
77 76 1 0
77 78 3 0
77 79 2 0
77 80 29 0
77 81 28 0
77 82 31 0
77 83 30 0
77 84 25 0
77 85 24 0
77 86 27 0
77 87 26 0
77 88 21 0
77 89 20 0
77 90 23 0
77 91 22 0
77 92 17 0
77 93 16 0
77 94 19 0
77 95 18 0
77 96 45 0
77 97 44 0
77 98 47 0
77 99 46 0
78 1 79 0
78 2 76 0
78 3 77 0
78 4 74 0
78 5 75 0
78 6 72 0
78 7 73 0
78 8 70 0
78 9 71 0
78 10 68 0
78 11 69 0
78 12 66 0
78 13 67 0
78 14 64 0
78 15 65 0
78 16 94 0
78 17 95 0
78 18 92 0
78 19 93 0
78 20 90 0
78 21 91 0
78 22 88 0
78 23 89 0
78 24 86 0
78 25 87 0
78 26 84 0
78 27 85 0
78 28 82 0
78 29 83 0
78 30 80 0
78 31 81 0
78 44 98 0
78 45 99 0
78 46 96 0
78 47 97 0
78 64 14 0
78 65 15 0
78 66 12 0
78 67 13 0
78 68 10 0
78 69 11 0
78 70 8 0
78 71 9 0
78 72 6 0
78 73 7 0
78 74 4 0
78 75 5 0
78 76 2 0
78 77 3 0
78 79 1 0
78 80 30 0
78 81 31 0
78 82 28 0
78 83 29 0
78 84 26 0
78 85 27 0
78 86 24 0
78 87 25 0
78 88 22 0
78 89 23 0
78 90 20 0
78 91 21 0
78 92 18 0
78 93 19 0
78 94 16 0
78 95 17 0
78 96 46 0
78 97 47 0
78 98 44 0
78 99 45 0
79 1 78 0
79 2 77 0
79 3 76 0
79 4 75 0
79 5 74 0
79 6 73 0
79 7 72 0
79 8 71 0
79 9 70 0
79 10 69 0
79 11 68 0
79 12 67 0
79 13 66 0
79 14 65 0
79 15 64 0
79 16 95 0
79 17 94 0
79 18 93 0
79 19 92 0
79 20 91 0
79 21 90 0
79 22 89 0
79 23 88 0
79 24 87 0
79 25 86 0
79 26 85 0
79 27 84 0
79 28 83 0
79 29 82 0
79 30 81 0
79 31 80 0
79 44 99 0
79 45 98 0
79 46 97 0
79 47 96 0
79 64 15 0
79 65 14 0
79 66 13 0
79 67 12 0
79 68 11 0
79 69 10 0
79 70 9 0
79 71 8 0
79 72 7 0
79 73 6 0
79 74 5 0
79 75 4 0
79 76 3 0
79 77 2 0
79 78 1 0
79 80 31 0
79 81 30 0
79 82 29 0
79 83 28 0
79 84 27 0
79 85 26 0
79 86 25 0
79 87 24 0
79 88 23 0
79 89 22 0
79 90 21 0
79 91 20 0
79 92 19 0
79 93 18 0
79 94 17 0
79 95 16 0
79 96 47 0
79 97 46 0
79 98 45 0
79 99 44 0
80 1 81 0
80 2 82 0
80 3 83 0
80 4 84 0
80 5 85 0
80 6 86 0
80 7 87 0
80 8 88 0
80 9 89 0
80 10 90 0
80 11 91 0
80 12 92 0
80 13 93 0
80 14 94 0
80 15 95 0
80 16 64 0
80 17 65 0
80 18 66 0
80 19 67 0
80 20 68 0
80 21 69 0
80 22 70 0
80 23 71 0
80 24 72 0
80 25 73 0
80 26 74 0
80 27 75 0
80 28 76 0
80 29 77 0
80 30 78 0
80 31 79 0
80 48 96 0
80 49 97 0
80 50 98 0
80 51 99 0
80 64 16 0
80 65 17 0
80 66 18 0
80 67 19 0
80 68 20 0
80 69 21 0
80 70 22 0
80 71 23 0
80 72 24 0
80 73 25 0
80 74 26 0
80 75 27 0
80 76 28 0
80 77 29 0
80 78 30 0
80 79 31 0
80 81 1 0
80 82 2 0
80 83 3 0
80 84 4 0
80 85 5 0
80 86 6 0
80 87 7 0
80 88 8 0
80 89 9 0
80 90 10 0
80 91 11 0
80 92 12 0
80 93 13 0
80 94 14 0
80 95 15 0
80 96 48 0
80 97 49 0
80 98 50 0
80 99 51 0
81 1 80 0
81 2 83 0
81 3 82 0
81 4 85 0
81 5 84 0
81 6 87 0
81 7 86 0
81 8 89 0
81 9 88 0
81 10 91 0
81 11 90 0
81 12 93 0
81 13 92 0
81 14 95 0
81 15 94 0
81 16 65 0
81 17 64 0
81 18 67 0
81 19 66 0
81 20 69 0
81 21 68 0
81 22 71 0
81 23 70 0
81 24 73 0
81 25 72 0
81 26 75 0
81 27 74 0
81 28 77 0
81 29 76 0
81 30 79 0
81 31 78 0
81 48 97 0
81 49 96 0
81 50 99 0
81 51 98 0
81 64 17 0
81 65 16 0
81 66 19 0
81 67 18 0
81 68 21 0
81 69 20 0
81 70 23 0
81 71 22 0
81 72 25 0
81 73 24 0
81 74 27 0
81 75 26 0
81 76 29 0
81 77 28 0
81 78 31 0
81 79 30 0
81 80 1 0
81 82 3 0
81 83 2 0
81 84 5 0
81 85 4 0
81 86 7 0
81 87 6 0
81 88 9 0
81 89 8 0
81 90 11 0
81 91 10 0
81 92 13 0
81 93 12 0
81 94 15 0
81 95 14 0
81 96 49 0
81 97 48 0
81 98 51 0
81 99 50 0
82 1 83 0
82 2 80 0
82 3 81 0
82 4 86 0
82 5 87 0
82 6 84 0
82 7 85 0
82 8 90 0
82 9 91 0
82 10 88 0
82 11 89 0
82 12 94 0
82 13 95 0
82 14 92 0
82 15 93 0
82 16 66 0
82 17 67 0
82 18 64 0
82 19 65 0
82 20 70 0
82 21 71 0
82 22 68 0
82 23 69 0
82 24 74 0
82 25 75 0
82 26 72 0
82 27 73 0
82 28 78 0
82 29 79 0
82 30 76 0
82 31 77 0
82 48 98 0
82 49 99 0
82 50 96 0
82 51 97 0
82 64 18 0
82 65 19 0
82 66 16 0
82 67 17 0
82 68 22 0
82 69 23 0
82 70 20 0
82 71 21 0
82 72 26 0
82 73 27 0
82 74 24 0
82 75 25 0
82 76 30 0
82 77 31 0
82 78 28 0
82 79 29 0
82 80 2 0
82 81 3 0
82 83 1 0
82 84 6 0
82 85 7 0
82 86 4 0
82 87 5 0
82 88 10 0
82 89 11 0
82 90 8 0
82 91 9 0
82 92 14 0
82 93 15 0
82 94 12 0
82 95 13 0
82 96 50 0
82 97 51 0
82 98 48 0
82 99 49 0
83 1 82 0
83 2 81 0
83 3 80 0
83 4 87 0
83 5 86 0
83 6 85 0
83 7 84 0
83 8 91 0
83 9 90 0
83 10 89 0
83 11 88 0
83 12 95 0
83 13 94 0
83 14 93 0
83 15 92 0
83 16 67 0
83 17 66 0
83 18 65 0
83 19 64 0
83 20 71 0
83 21 70 0
83 22 69 0
83 23 68 0
83 24 75 0
83 25 74 0
83 26 73 0
83 27 72 0
83 28 79 0
83 29 78 0
83 30 77 0
83 31 76 0
83 48 99 0
83 49 98 0
83 50 97 0
83 51 96 0
83 64 19 0
83 65 18 0
83 66 17 0
83 67 16 0
83 68 23 0
83 69 22 0
83 70 21 0
83 71 20 0
83 72 27 0
83 73 26 0
83 74 25 0
83 75 24 0
83 76 31 0
83 77 30 0
83 78 29 0
83 79 28 0
83 80 3 0
83 81 2 0
83 82 1 0
83 84 7 0
83 85 6 0
83 86 5 0
83 87 4 0
83 88 11 0
83 89 10 0
83 90 9 0
83 91 8 0
83 92 15 0
83 93 14 0
83 94 13 0
83 95 12 0
83 96 51 0
83 97 50 0
83 98 49 0
83 99 48 0
84 1 85 0
84 2 86 0
84 3 87 0
84 4 80 0
84 5 81 0
84 6 82 0
84 7 83 0
84 8 92 0
84 9 93 0
84 10 94 0
84 11 95 0
84 12 88 0
84 13 89 0
84 14 90 0
84 15 91 0
84 16 68 0
84 17 69 0
84 18 70 0
84 19 71 0
84 20 64 0
84 21 65 0
84 22 66 0
84 23 67 0
84 24 76 0
84 25 77 0
84 26 78 0
84 27 79 0
84 28 72 0
84 29 73 0
84 30 74 0
84 31 75 0
84 52 96 0
84 53 97 0
84 54 98 0
84 55 99 0
84 64 20 0
84 65 21 0
84 66 22 0
84 67 23 0
84 68 16 0
84 69 17 0
84 70 18 0
84 71 19 0
84 72 28 0
84 73 29 0
84 74 30 0
84 75 31 0
84 76 24 0
84 77 25 0
84 78 26 0
84 79 27 0
84 80 4 0
84 81 5 0
84 82 6 0
84 83 7 0
84 85 1 0
84 86 2 0
84 87 3 0
84 88 12 0
84 89 13 0
84 90 14 0
84 91 15 0
84 92 8 0
84 93 9 0
84 94 10 0
84 95 11 0
84 96 52 0
84 97 53 0
84 98 54 0
84 99 55 0
85 1 84 0
85 2 87 0
85 3 86 0
85 4 81 0
85 5 80 0
85 6 83 0
85 7 82 0
85 8 93 0
85 9 92 0
85 10 95 0
85 11 94 0
85 12 89 0
85 13 88 0
85 14 91 0
85 15 90 0
85 16 69 0
85 17 68 0
85 18 71 0
85 19 70 0
85 20 65 0
85 21 64 0
85 22 67 0
85 23 66 0
85 24 77 0
85 25 76 0
85 26 79 0
85 27 78 0
85 28 73 0
85 29 72 0
85 30 75 0
85 31 74 0
85 52 97 0
85 53 96 0
85 54 99 0
85 55 98 0
85 64 21 0
85 65 20 0
85 66 23 0
85 67 22 0
85 68 17 0
85 69 16 0
85 70 19 0
85 71 18 0
85 72 29 0
85 73 28 0
85 74 31 0
85 75 30 0
85 76 25 0
85 77 24 0
85 78 27 0
85 79 26 0
85 80 5 0
85 81 4 0
85 82 7 0
85 83 6 0
85 84 1 0
85 86 3 0
85 87 2 0
85 88 13 0
85 89 12 0
85 90 15 0
85 91 14 0
85 92 9 0
85 93 8 0
85 94 11 0
85 95 10 0
85 96 53 0
85 97 52 0
85 98 55 0
85 99 54 0
86 1 87 0
86 2 84 0
86 3 85 0
86 4 82 0
86 5 83 0
86 6 80 0
86 7 81 0
86 8 94 0
86 9 95 0
86 10 92 0
86 11 93 0
86 12 90 0
86 13 91 0
86 14 88 0
86 15 89 0
86 16 70 0
86 17 71 0
86 18 68 0
86 19 69 0
86 20 66 0
86 21 67 0
86 22 64 0
86 23 65 0
86 24 78 0
86 25 79 0
86 26 76 0
86 27 77 0
86 28 74 0
86 29 75 0
86 30 72 0
86 31 73 0
86 52 98 0
86 53 99 0
86 54 96 0
86 55 97 0
86 64 22 0
86 65 23 0
86 66 20 0
86 67 21 0
86 68 18 0
86 69 19 0
86 70 16 0
86 71 17 0
86 72 30 0
86 73 31 0
86 74 28 0
86 75 29 0
86 76 26 0
86 77 27 0
86 78 24 0
86 79 25 0
86 80 6 0
86 81 7 0
86 82 4 0
86 83 5 0
86 84 2 0
86 85 3 0
86 87 1 0
86 88 14 0
86 89 15 0
86 90 12 0
86 91 13 0
86 92 10 0
86 93 11 0
86 94 8 0
86 95 9 0
86 96 54 0
86 97 55 0
86 98 52 0
86 99 53 0
87 1 86 0
87 2 85 0
87 3 84 0
87 4 83 0
87 5 82 0
87 6 81 0
87 7 80 0
87 8 95 0
87 9 94 0
87 10 93 0
87 11 92 0
87 12 91 0
87 13 90 0
87 14 89 0
87 15 88 0
87 16 71 0
87 17 70 0
87 18 69 0
87 19 68 0
87 20 67 0
87 21 66 0
87 22 65 0
87 23 64 0
87 24 79 0
87 25 78 0
87 26 77 0
87 27 76 0
87 28 75 0
87 29 74 0
87 30 73 0
87 31 72 0
87 52 99 0
87 53 98 0
87 54 97 0
87 55 96 0
87 64 23 0
87 65 22 0
87 66 21 0
87 67 20 0
87 68 19 0
87 69 18 0
87 70 17 0
87 71 16 0
87 72 31 0
87 73 30 0
87 74 29 0
87 75 28 0
87 76 27 0
87 77 26 0
87 78 25 0
87 79 24 0
87 80 7 0
87 81 6 0
87 82 5 0
87 83 4 0
87 84 3 0
87 85 2 0
87 86 1 0
87 88 15 0
87 89 14 0
87 90 13 0
87 91 12 0
87 92 11 0
87 93 10 0
87 94 9 0
87 95 8 0
87 96 55 0
87 97 54 0
87 98 53 0
87 99 52 0
88 1 89 0
88 2 90 0
88 3 91 0
88 4 92 0
88 5 93 0
88 6 94 0
88 7 95 0
88 8 80 0
88 9 81 0
88 10 82 0
88 11 83 0
88 12 84 0
88 13 85 0
88 14 86 0
88 15 87 0
88 16 72 0
88 17 73 0
88 18 74 0
88 19 75 0
88 20 76 0
88 21 77 0
88 22 78 0
88 23 79 0
88 24 64 0
88 25 65 0
88 26 66 0
88 27 67 0
88 28 68 0
88 29 69 0
88 30 70 0
88 31 71 0
88 56 96 0
88 57 97 0
88 58 98 0
88 59 99 0
88 64 24 0
88 65 25 0
88 66 26 0
88 67 27 0
88 68 28 0
88 69 29 0
88 70 30 0
88 71 31 0
88 72 16 0
88 73 17 0
88 74 18 0
88 75 19 0
88 76 20 0
88 77 21 0
88 78 22 0
88 79 23 0
88 80 8 0
88 81 9 0
88 82 10 0
88 83 11 0
88 84 12 0
88 85 13 0
88 86 14 0
88 87 15 0
88 89 1 0
88 90 2 0
88 91 3 0
88 92 4 0
88 93 5 0
88 94 6 0
88 95 7 0
88 96 56 0
88 97 57 0
88 98 58 0
88 99 59 0
89 1 88 0
89 2 91 0
89 3 90 0
89 4 93 0
89 5 92 0
89 6 95 0
89 7 94 0
89 8 81 0
89 9 80 0
89 10 83 0
89 11 82 0
89 12 85 0
89 13 84 0
89 14 87 0
89 15 86 0
89 16 73 0
89 17 72 0
89 18 75 0
89 19 74 0
89 20 77 0
89 21 76 0
89 22 79 0
89 23 78 0
89 24 65 0
89 25 64 0
89 26 67 0
89 27 66 0
89 28 69 0
89 29 68 0
89 30 71 0
89 31 70 0
89 56 97 0
89 57 96 0
89 58 99 0
89 59 98 0
89 64 25 0
89 65 24 0
89 66 27 0
89 67 26 0
89 68 29 0
89 69 28 0
89 70 31 0
89 71 30 0
89 72 17 0
89 73 16 0
89 74 19 0
89 75 18 0
89 76 21 0
89 77 20 0
89 78 23 0
89 79 22 0
89 80 9 0
89 81 8 0
89 82 11 0
89 83 10 0
89 84 13 0
89 85 12 0
89 86 15 0
89 87 14 0
89 88 1 0
89 90 3 0
89 91 2 0
89 92 5 0
89 93 4 0
89 94 7 0
89 95 6 0
89 96 57 0
89 97 56 0
89 98 59 0
89 99 58 0
90 1 91 0
90 2 88 0
90 3 89 0
90 4 94 0
90 5 95 0
90 6 92 0
90 7 93 0
90 8 82 0
90 9 83 0
90 10 80 0
90 11 81 0
90 12 86 0
90 13 87 0
90 14 84 0
90 15 85 0
90 16 74 0
90 17 75 0
90 18 72 0
90 19 73 0
90 20 78 0
90 21 79 0
90 22 76 0
90 23 77 0
90 24 66 0
90 25 67 0
90 26 64 0
90 27 65 0
90 28 70 0
90 29 71 0
90 30 68 0
90 31 69 0
90 56 98 0
90 57 99 0
90 58 96 0
90 59 97 0
90 64 26 0
90 65 27 0
90 66 24 0
90 67 25 0
90 68 30 0
90 69 31 0
90 70 28 0
90 71 29 0
90 72 18 0
90 73 19 0
90 74 16 0
90 75 17 0
90 76 22 0
90 77 23 0
90 78 20 0
90 79 21 0
90 80 10 0
90 81 11 0
90 82 8 0
90 83 9 0
90 84 14 0
90 85 15 0
90 86 12 0
90 87 13 0
90 88 2 0
90 89 3 0
90 91 1 0
90 92 6 0
90 93 7 0
90 94 4 0
90 95 5 0
90 96 58 0
90 97 59 0
90 98 56 0
90 99 57 0
91 1 90 0
91 2 89 0
91 3 88 0
91 4 95 0
91 5 94 0
91 6 93 0
91 7 92 0
91 8 83 0
91 9 82 0
91 10 81 0
91 11 80 0
91 12 87 0
91 13 86 0
91 14 85 0
91 15 84 0
91 16 75 0
91 17 74 0
91 18 73 0
91 19 72 0
91 20 79 0
91 21 78 0
91 22 77 0
91 23 76 0
91 24 67 0
91 25 66 0
91 26 65 0
91 27 64 0
91 28 71 0
91 29 70 0
91 30 69 0
91 31 68 0
91 56 99 0
91 57 98 0
91 58 97 0
91 59 96 0
91 64 27 0
91 65 26 0
91 66 25 0
91 67 24 0
91 68 31 0
91 69 30 0
91 70 29 0
91 71 28 0
91 72 19 0
91 73 18 0
91 74 17 0
91 75 16 0
91 76 23 0
91 77 22 0
91 78 21 0
91 79 20 0
91 80 11 0
91 81 10 0
91 82 9 0
91 83 8 0
91 84 15 0
91 85 14 0
91 86 13 0
91 87 12 0
91 88 3 0
91 89 2 0
91 90 1 0
91 92 7 0
91 93 6 0
91 94 5 0
91 95 4 0
91 96 59 0
91 97 58 0
91 98 57 0
91 99 56 0
92 1 93 0
92 2 94 0
92 3 95 0
92 4 88 0
92 5 89 0
92 6 90 0
92 7 91 0
92 8 84 0
92 9 85 0
92 10 86 0
92 11 87 0
92 12 80 0
92 13 81 0
92 14 82 0
92 15 83 0
92 16 76 0
92 17 77 0
92 18 78 0
92 19 79 0
92 20 72 0
92 21 73 0
92 22 74 0
92 23 75 0
92 24 68 0
92 25 69 0
92 26 70 0
92 27 71 0
92 28 64 0
92 29 65 0
92 30 66 0
92 31 67 0
92 60 96 0
92 61 97 0
92 62 98 0
92 63 99 0
92 64 28 0
92 65 29 0
92 66 30 0
92 67 31 0
92 68 24 0
92 69 25 0
92 70 26 0
92 71 27 0
92 72 20 0
92 73 21 0
92 74 22 0
92 75 23 0
92 76 16 0
92 77 17 0
92 78 18 0
92 79 19 0
92 80 12 0
92 81 13 0
92 82 14 0
92 83 15 0
92 84 8 0
92 85 9 0
92 86 10 0
92 87 11 0
92 88 4 0
92 89 5 0
92 90 6 0
92 91 7 0
92 93 1 0
92 94 2 0
92 95 3 0
92 96 60 0
92 97 61 0
92 98 62 0
92 99 63 0
93 1 92 0
93 2 95 0
93 3 94 0
93 4 89 0
93 5 88 0
93 6 91 0
93 7 90 0
93 8 85 0
93 9 84 0
93 10 87 0
93 11 86 0
93 12 81 0
93 13 80 0
93 14 83 0
93 15 82 0
93 16 77 0
93 17 76 0
93 18 79 0
93 19 78 0
93 20 73 0
93 21 72 0
93 22 75 0
93 23 74 0
93 24 69 0
93 25 68 0
93 26 71 0
93 27 70 0
93 28 65 0
93 29 64 0
93 30 67 0
93 31 66 0
93 60 97 0
93 61 96 0
93 62 99 0
93 63 98 0
93 64 29 0
93 65 28 0
93 66 31 0
93 67 30 0
93 68 25 0
93 69 24 0
93 70 27 0
93 71 26 0
93 72 21 0
93 73 20 0
93 74 23 0
93 75 22 0
93 76 17 0
93 77 16 0
93 78 19 0
93 79 18 0
93 80 13 0
93 81 12 0
93 82 15 0
93 83 14 0
93 84 9 0
93 85 8 0
93 86 11 0
93 87 10 0
93 88 5 0
93 89 4 0
93 90 7 0
93 91 6 0
93 92 1 0
93 94 3 0
93 95 2 0
93 96 61 0
93 97 60 0
93 98 63 0
93 99 62 0
94 1 95 0
94 2 92 0
94 3 93 0
94 4 90 0
94 5 91 0
94 6 88 0
94 7 89 0
94 8 86 0
94 9 87 0
94 10 84 0
94 11 85 0
94 12 82 0
94 13 83 0
94 14 80 0
94 15 81 0
94 16 78 0
94 17 79 0
94 18 76 0
94 19 77 0
94 20 74 0
94 21 75 0
94 22 72 0
94 23 73 0
94 24 70 0
94 25 71 0
94 26 68 0
94 27 69 0
94 28 66 0
94 29 67 0
94 30 64 0
94 31 65 0
94 60 98 0
94 61 99 0
94 62 96 0
94 63 97 0
94 64 30 0
94 65 31 0
94 66 28 0
94 67 29 0
94 68 26 0
94 69 27 0
94 70 24 0
94 71 25 0
94 72 22 0
94 73 23 0
94 74 20 0
94 75 21 0
94 76 18 0
94 77 19 0
94 78 16 0
94 79 17 0
94 80 14 0
94 81 15 0
94 82 12 0
94 83 13 0
94 84 10 0
94 85 11 0
94 86 8 0
94 87 9 0
94 88 6 0
94 89 7 0
94 90 4 0
94 91 5 0
94 92 2 0
94 93 3 0
94 95 1 0
94 96 62 0
94 97 63 0
94 98 60 0
94 99 61 0
95 1 94 0
95 2 93 0
95 3 92 0
95 4 91 0
95 5 90 0
95 6 89 0
95 7 88 0
95 8 87 0
95 9 86 0
95 10 85 0
95 11 84 0
95 12 83 0
95 13 82 0
95 14 81 0
95 15 80 0
95 16 79 0
95 17 78 0
95 18 77 0
95 19 76 0
95 20 75 0
95 21 74 0
95 22 73 0
95 23 72 0
95 24 71 0
95 25 70 0
95 26 69 0
95 27 68 0
95 28 67 0
95 29 66 0
95 30 65 0
95 31 64 0
95 60 99 0
95 61 98 0
95 62 97 0
95 63 96 0
95 64 31 0
95 65 30 0
95 66 29 0
95 67 28 0
95 68 27 0
95 69 26 0
95 70 25 0
95 71 24 0
95 72 23 0
95 73 22 0
95 74 21 0
95 75 20 0
95 76 19 0
95 77 18 0
95 78 17 0
95 79 16 0
95 80 15 0
95 81 14 0
95 82 13 0
95 83 12 0
95 84 11 0
95 85 10 0
95 86 9 0
95 87 8 0
95 88 7 0
95 89 6 0
95 90 5 0
95 91 4 0
95 92 3 0
95 93 2 0
95 94 1 0
95 96 63 0
95 97 62 0
95 98 61 0
95 99 60 0
96 1 97 0
96 2 98 0
96 3 99 0
96 32 64 0
96 33 65 0
96 34 66 0
96 35 67 0
96 36 68 0
96 37 69 0
96 38 70 0
96 39 71 0
96 40 72 0
96 41 73 0
96 42 74 0
96 43 75 0
96 44 76 0
96 45 77 0
96 46 78 0
96 47 79 0
96 48 80 0
96 49 81 0
96 50 82 0
96 51 83 0
96 52 84 0
96 53 85 0
96 54 86 0
96 55 87 0
96 56 88 0
96 57 89 0
96 58 90 0
96 59 91 0
96 60 92 0
96 61 93 0
96 62 94 0
96 63 95 0
96 64 32 0
96 65 33 0
96 66 34 0
96 67 35 0
96 68 36 0
96 69 37 0
96 70 38 0
96 71 39 0
96 72 40 0
96 73 41 0
96 74 42 0
96 75 43 0
96 76 44 0
96 77 45 0
96 78 46 0
96 79 47 0
96 80 48 0
96 81 49 0
96 82 50 0
96 83 51 0
96 84 52 0
96 85 53 0
96 86 54 0
96 87 55 0
96 88 56 0
96 89 57 0
96 90 58 0
96 91 59 0
96 92 60 0
96 93 61 0
96 94 62 0
96 95 63 0
96 97 1 0
96 98 2 0
96 99 3 0
97 1 96 0
97 2 99 0
97 3 98 0
97 32 65 0
97 33 64 0
97 34 67 0
97 35 66 0
97 36 69 0
97 37 68 0
97 38 71 0
97 39 70 0
97 40 73 0
97 41 72 0
97 42 75 0
97 43 74 0
97 44 77 0
97 45 76 0
97 46 79 0
97 47 78 0
97 48 81 0
97 49 80 0
97 50 83 0
97 51 82 0
97 52 85 0
97 53 84 0
97 54 87 0
97 55 86 0
97 56 89 0
97 57 88 0
97 58 91 0
97 59 90 0
97 60 93 0
97 61 92 0
97 62 95 0
97 63 94 0
97 64 33 0
97 65 32 0
97 66 35 0
97 67 34 0
97 68 37 0
97 69 36 0
97 70 39 0
97 71 38 0
97 72 41 0
97 73 40 0
97 74 43 0
97 75 42 0
97 76 45 0
97 77 44 0
97 78 47 0
97 79 46 0
97 80 49 0
97 81 48 0
97 82 51 0
97 83 50 0
97 84 53 0
97 85 52 0
97 86 55 0
97 87 54 0
97 88 57 0
97 89 56 0
97 90 59 0
97 91 58 0
97 92 61 0
97 93 60 0
97 94 63 0
97 95 62 0
97 96 1 0
97 98 3 0
97 99 2 0
98 1 99 0
98 2 96 0
98 3 97 0
98 32 66 0
98 33 67 0
98 34 64 0
98 35 65 0
98 36 70 0
98 37 71 0
98 38 68 0
98 39 69 0
98 40 74 0
98 41 75 0
98 42 72 0
98 43 73 0
98 44 78 0
98 45 79 0
98 46 76 0
98 47 77 0
98 48 82 0
98 49 83 0
98 50 80 0
98 51 81 0
98 52 86 0
98 53 87 0
98 54 84 0
98 55 85 0
98 56 90 0
98 57 91 0
98 58 88 0
98 59 89 0
98 60 94 0
98 61 95 0
98 62 92 0
98 63 93 0
98 64 34 0
98 65 35 0
98 66 32 0
98 67 33 0
98 68 38 0
98 69 39 0
98 70 36 0
98 71 37 0
98 72 42 0
98 73 43 0
98 74 40 0
98 75 41 0
98 76 46 0
98 77 47 0
98 78 44 0
98 79 45 0
98 80 50 0
98 81 51 0
98 82 48 0
98 83 49 0
98 84 54 0
98 85 55 0
98 86 52 0
98 87 53 0
98 88 58 0
98 89 59 0
98 90 56 0
98 91 57 0
98 92 62 0
98 93 63 0
98 94 60 0
98 95 61 0
98 96 2 0
98 97 3 0
98 99 1 0
99 1 98 0
99 2 97 0
99 3 96 0
99 32 67 0
99 33 66 0
99 34 65 0
99 35 64 0
99 36 71 0
99 37 70 0
99 38 69 0
99 39 68 0
99 40 75 0
99 41 74 0
99 42 73 0
99 43 72 0
99 44 79 0
99 45 78 0
99 46 77 0
99 47 76 0
99 48 83 0
99 49 82 0
99 50 81 0
99 51 80 0
99 52 87 0
99 53 86 0
99 54 85 0
99 55 84 0
99 56 91 0
99 57 90 0
99 58 89 0
99 59 88 0
99 60 95 0
99 61 94 0
99 62 93 0
99 63 92 0
99 64 35 0
99 65 34 0
99 66 33 0
99 67 32 0
99 68 39 0
99 69 38 0
99 70 37 0
99 71 36 0
99 72 43 0
99 73 42 0
99 74 41 0
99 75 40 0
99 76 47 0
99 77 46 0
99 78 45 0
99 79 44 0
99 80 51 0
99 81 50 0
99 82 49 0
99 83 48 0
99 84 55 0
99 85 54 0
99 86 53 0
99 87 52 0
99 88 59 0
99 89 58 0
99 90 57 0
99 91 56 0
99 92 63 0
99 93 62 0
99 94 61 0
99 95 60 0
99 96 3 0
99 97 2 0
99 98 1 0
