100
71 8
64 5
149 80
108 91
142 41
35 6
61 53
91 37
175 43
57 22
171 70
32 26
172 171
51 51
98 2
77 13
101 25
99 14
47 27
115 5
83 74
152 86
153 75
171 17
83 63
77 2
142 98
117 107
53 43
109 16
46 46
170 143
168 35
70 53
94 89
176 46
170 100
100 51
36 34
123 105
159 63
114 5
36 33
46 17
161 66
174 76
56 12
167 163
98 25
159 6
63 57
169 84
84 19
57 27
53 21
101 62
104 41
150 130
107 59
177 52
166 11
41 23
35 23
135 50
161 139
80 31
171 8
46 27
87 3
37 16
37 4
33 22
125 35
139 29
101 5
152 19
86 45
93 60
30 12
42 18
40 40
54 18
128 84
175 17
32 31
121 103
104 101
126 82
78 34
48 5
200 113
200 176
200 55
200 101
200 20
200 40
200 2
200 40
200 2
200 6
