100
52 1468
405 771 370 885 599 659 243 715 766 436 522 998 72 502 36 73 878 497 722 755 943 164 303 513 602 907 919 106 508 947 922 659 890 123 928 570 216 995 994 62 643 644 854 715 302 792 544 939 808 925 993 98
248 990 814 842 810 789 447 76 421 863 299 417 141 43 465 879 727 56 61 800 621 511 167 422 644 589 830 754 335 165 947 961 27 457 82 579 125 770 877 444 598 759 289 113 170 712 884 436 690 959 935 41
38 3307
994 617 82 46 205 273 341 890 58 734 158 683 237 431 262 827 586 28 896 735 82 183 631 171 122 945 117 471 428 502 198 458 618 418 44 494 106 1000
540 859 472 779 493 207 787 171 584 469 911 922 953 676 591 430 905 748 769 554 876 92 643 601 402 157 475 141 647 272 629 440 869 735 372 785 64 30
59 1939
971 829 318 478 769 54 899 714 988 452 461 688 54 615 460 697 136 632 811 310 690 877 39 614 295 129 905 940 150 43 236 696 134 494 834 608 615 604 529 461 599 689 791 997 949 442 790 19 300 438 683 863 729 423 109 430 381 958 49
262 26 129 357 632 373 665 523 266 539 877 633 937 76 724 180 353 95 437 112 329 433 842 132 760 598 767 183 640 136 823 631 541 224 150 52 839 542 890 416 594 63 696 433 396 369 747 908 998 933 253 220 185 982 370 187 650 399 983
16 2556
475 720 522 613 456 251 939 794 310 554 450 267 858 660 780 618
77 90 204 436 338 627 577 276 739 453 586 995 305 822 637 882
37 4264
364 606 506 264 923 919 853 166 364 47 612 759 887 273 492 195 437 433 210 192 596 661 294 577 175 880 563 710 434 235 425 811 796 860 327 404 525
313 199 169 978 16 149 472 313 666 748 465 415 95 635 145 623 370 954 361 568 588 599 268 954 601 784 699 373 136 143 571 514 708 853 150 838 656
24 2925
144 283 202 332 324 713 686 874 956 172 583 153 403 607 205 981 388 451 644 295 421 471 246 154
912 31 97 718 366 681 151 835 726 845 310 156 847 915 889 573 552 697 729 824 102 745 39 755
70 6153
831 278 381 947 111 808 501 526 677 538 174 989 245 170 963 267 866 528 878 625 656 888 690 259 684 811 973 123 134 847 778 402 306 856 285 351 273 207 91 537 312 92 482 808 374 741 101 85 499 984 991 72 853 970 221 894 159 759 456 148 598 221 329 510 334 891 558 355 548 169
334 48 12 91 611 659 134 665 606 611 432 995 966 687 143 651 24 636 767 457 647 458 617 498 638 512 120 662 37 163 918 223 848 887 706 292 674 380 480 616 630 33 527 166 184 143 625 45 725 153 678 520 763 994 638 514 922 756 178 89 726 79 254 373 995 582 972 386 680 16
82 9871
647 265 366 114 101 579 510 932 324 865 658 805 617 24 287 966 43 659 52 311 564 812 66 116 283 583 892 198 635 19 773 634 587 804 151 414 886 283 949 621 38 93 403 16 310 82 251 759 976 291 698 620 261 306 554 515 842 21 275 379 346 850 313 686 525 312 794 870 26 819 593 68 730 857 822 948 538 842 400 561 104 475
812 148 426 774 304 243 95 662 633 920 701 699 318 135 186 977 659 231 358 98 935 514 442 894 767 394 111 402 770 431 295 803 700 134 672 775 149 333 761 466 36 560 314 543 319 368 725 789 12 55 154 196 766 13 727 869 790 423 610 136 580 115 896 731 486 769 609 161 702 614 353 723 433 348 861 74 212 284 574 568 721 250
76 6566
39 764 608 119 974 768 640 734 110 732 609 463 619 391 442 779 265 109 297 701 40 974 651 881 759 348 587 994 226 557 346 119 954 890 345 909 134 400 588 27 995 116 559 67 672 246 566 322 780 597 775 616 155 583 166 104 313 517 179 333 637 757 444 680 735 776 837 123 576 404 736 207 887 442 135 65
347 723 187 159 693 376 236 152 421 32 776 42 968 237 891 671 723 855 14 464 637 593 159 343 464 515 474 805 574 407 159 245 448 264 390 279 501 301 539 39 301 406 682 425 34 717 944 190 63 602 780 209 303 794 985 251 463 994 872 570 919 470 209 850 222 314 176 882 775 523 26 574 769 650 853 999
58 7411
782 305 639 72 1000 564 536 530 198 170 69 851 122 535 278 386 806 896 521 80 523 589 373 975 256 921 735 35 471 126 222 612 306 700 291 169 314 799 228 323 267 980 384 119 82 951 744 584 39 445 39 281 132 906 205 92 454 108
424 446 499 46 777 790 941 629 350 744 737 391 227 380 938 549 950 945 722 496 917 887 597 17 957 388 962 175 361 747 92 783 872 135 610 626 93 184 305 192 86 93 714 812 857 399 419 663 238 558 722 33 357 901 365 90 135 797
61 4294
307 453 75 606 859 259 572 853 192 425 610 49 973 15 76 73 530 560 429 694 209 977 840 829 777 417 543 904 289 153 167 583 178 966 758 759 673 128 149 121 593 751 359 20 543 659 33 551 606 626 853 668 567 588 739 108 99 992 97 481 500
106 669 240 771 61 861 308 423 676 886 803 592 85 569 387 805 227 409 770 729 944 236 766 642 486 776 739 375 701 916 565 758 263 312 835 680 650 341 254 641 484 166 31 938 507 528 299 524 717 35 455 912 160 336 536 478 115 508 654 955 81
59 4569
482 166 253 564 943 285 977 77 687 653 320 791 475 20 954 942 962 500 510 626 846 666 387 771 636 640 185 267 74 245 650 611 896 674 750 302 493 159 639 302 539 627 801 533 95 870 231 793 233 652 656 825 885 385 63 546 511 485 53
102 393 808 798 890 866 506 875 41 514 765 512 33 793 680 569 973 863 38 659 466 929 404 880 705 265 787 370 969 16 87 257 891 488 873 18 823 867 295 488 82 474 493 632 407 874 229 854 173 249 927 321 432 513 107 691 26 375 557
68 7970
764 615 838 899 389 222 527 864 999 808 727 42 808 793 894 148 529 606 609 266 549 488 714 534 732 941 389 142 891 440 313 475 40 692 746 478 894 994 825 733 193 71 162 733 238 28 41 713 515 402 761 914 268 114 510 766 380 358 173 631 473 179 17 588 691 859 712 289
294 961 54 507 773 701 523 209 625 902 929 544 28 126 59 902 358 981 905 789 749 692 334 97 28 489 690 636 436 406 667 407 914 451 471 319 29 793 564 91 837 756 21 720 958 123 313 409 653 490 565 25 679 353 768 613 636 289 305 538 484 930 246 122 200 271 23 959
84 2852
725 924 202 481 65 101 958 970 961 809 72 875 381 628 910 756 574 599 573 264 543 272 581 995 861 818 816 720 861 996 92 533 351 690 799 260 292 378 84 404 641 718 967 597 991 653 719 280 629 760 170 490 65 173 491 289 258 319 548 694 531 938 347 205 863 742 220 62 177 31 484 854 857 143 713 772 15 884 893 507 621 826 25 630
347 731 299 313 538 915 321 558 187 761 252 83 510 564 89 236 922 276 377 27 839 289 720 319 858 881 158 970 332 36 709 927 44 120 905 726 134 749 243 364 240 595 279 116 312 44 23 819 712 107 175 617 898 788 780 227 935 952 630 153 237 14 192 916 230 138 851 323 247 642 588 547 453 136 424 485 491 268 106 346 544 362 709 299
59 6141
662 278 476 181 286 630 11 220 374 16 445 463 288 713 987 538 813 933 141 822 312 218 776 550 392 609 672 648 459 747 507 30 500 733 947 577 496 59 915 911 554 898 669 634 972 662 383 586 348 337 843 982 477 552 292 706 118 405 509
236 497 795 170 259 205 354 993 746 664 189 244 373 798 971 137 939 521 952 222 350 76 634 777 684 882 486 544 565 571 604 202 338 730 301 834 646 253 560 92 143 617 432 338 171 842 896 703 343 40 421 406 592 759 414 387 849 129 237
92 1167
437 868 341 935 690 939 420 175 100 279 838 66 797 725 269 97 199 228 409 641 360 906 637 400 551 921 462 974 696 156 329 621 352 348 478 585 427 658 411 18 365 702 233 582 379 744 96 348 632 785 808 417 849 323 614 61 553 718 349 609 436 430 968 222 234 755 108 872 704 308 602 663 748 826 864 335 245 296 666 532 15 12 923 197 697 384 824 361 251 29 632 854
189 292 497 210 69 221 852 74 30 874 390 924 227 126 616 995 801 116 941 77 646 786 122 69 700 257 663 23 986 551 456 783 126 193 301 857 908 523 619 191 401 207 159 814 821 637 685 34 298 971 576 193 641 718 196 877 192 829 612 349 606 597 396 30 243 327 576 953 304 753 32 113 763 349 289 649 958 815 831 431 376 890 210 126 364 871 210 450 406 52 852 772
63 9754
284 360 158 123 524 294 541 975 59 375 384 310 863 65 820 781 166 268 615 708 577 317 544 611 760 241 919 961 572 136 522 761 394 830 206 39 40 67 403 346 728 477 334 119 76 980 164 941 223 166 122 306 928 818 700 175 12 478 139 586 738 369 929
995 453 654 249 565 102 874 631 685 922 478 318 933 972 574 602 594 802 606 602 686 801 506 912 183 143 452 256 146 434 829 440 93 629 785 863 48 496 359 155 521 660 395 855 674 456 289 945 312 361 44 514 805 431 47 48 746 996 707 811 700 619 194
66 6698
540 851 465 929 18 725 251 653 404 896 805 662 377 887 275 156 673 270 812 743 935 910 410 474 878 157 376 369 868 219 450 788 848 242 767 36 231 132 884 473 167 631 36 968 405 365 810 71 687 352 392 420 461 215 313 632 320 948 811 280 54 94 244 792 174 286
427 670 716 210 799 149 304 880 816 902 304 987 883 89 89 712 650 79 22 44 224 95 394 430 733 798 713 402 798 437 62 888 604 521 57 21 303 36 427 611 88 503 531 470 976 25 694 933 526 797 531 109 779 892 536 568 756 148 330 653 204 768 813 918 200 284
47 5204
359 272 591 727 559 238 547 506 652 273 100 66 667 612 816 135 902 84 429 116 531 450 343 62 684 244 796 893 810 491 145 209 626 288 594 904 601 214 801 414 833 522 812 191 649 862 499
248 383 759 490 563 24 191 113 729 473 76 206 199 492 913 425 940 429 389 93 678 192 868 550 516 431 244 125 971 272 646 284 785 563 44 393 190 215 570 873 405 350 771 275 955 190 269
46 9364
753 74 661 42 818 592 930 549 609 184 633 940 344 184 673 409 584 105 951 203 321 142 593 712 871 638 897 187 379 281 766 579 79 510 956 38 914 683 103 553 621 971 223 374 112 817
189 958 48 913 839 388 870 76 500 13 880 252 34 431 169 822 740 393 821 373 75 478 426 689 982 681 881 448 392 497 530 854 21 914 318 144 861 485 134 83 534 642 381 863 538 218
22 1424
981 888 711 994 627 934 902 890 436 597 982 106 802 21 390 518 564 551 249 512 186 892
68 312 338 290 635 240 169 811 541 492 249 216 621 29 710 743 549 801 379 76 592 925
48 1494
887 362 827 649 751 749 697 776 178 542 931 813 899 594 586 366 737 432 75 890 504 859 554 983 364 74 448 284 731 502 835 919 958 579 1000 409 920 768 270 252 680 196 859 710 697 850 334 464
752 345 102 485 486 218 927 514 875 177 274 619 514 875 113 898 159 800 81 132 25 261 488 984 625 710 645 276 517 219 770 959 100 80 568 51 859 465 166 37 350 534 377 683 911 701 827 656
32 3987
832 330 278 294 306 631 571 877 806 502 419 763 528 183 695 606 913 843 206 579 717 110 549 994 186 486 581 106 989 882 996 551
68 34 395 532 906 477 505 222 768 411 45 671 567 92 411 56 476 463 846 909 714 763 178 59 16 243 738 783 740 338 67 304
92 7116
850 129 50 676 435 380 846 423 686 93 403 914 511 359 178 583 909 404 518 196 345 422 179 573 380 947 759 130 359 912 747 774 698 796 795 252 981 52 163 173 639 356 695 267 298 608 144 505 975 570 832 139 894 849 788 130 168 282 982 525 644 986 163 120 852 766 796 667 118 50 711 593 154 492 950 579 288 919 395 435 405 324 126 199 301 933 960 145 40 39 994 366
701 265 344 346 513 926 828 568 788 925 715 941 935 12 632 276 25 451 753 189 317 349 782 735 828 597 505 970 299 68 624 339 437 203 469 731 930 469 321 145 510 587 79 683 699 95 928 320 365 281 938 585 19 522 969 783 203 492 415 97 137 700 144 889 962 604 897 955 656 253 43 441 392 941 394 679 208 124 204 642 995 626 667 72 273 702 90 422 929 511 395 568
98 9585
72 342 640 219 602 811 194 723 16 281 174 563 663 17 684 454 337 932 436 749 543 872 530 834 70 288 183 482 144 683 801 660 673 648 725 606 731 594 413 630 898 229 411 532 292 865 258 635 674 450 500 837 78 67 903 551 1000 877 613 364 251 734 956 372 280 647 18 680 53 608 276 487 529 713 195 777 954 51 200 892 809 488 47 319 565 491 194 258 640 467 823 53 308 624 531 268 934 921
908 284 697 575 797 298 355 831 322 73 65 355 67 844 975 26 141 343 321 632 737 450 64 68 830 372 506 363 555 305 862 824 655 87 139 519 288 451 184 535 125 397 978 12 579 882 463 772 873 404 532 172 782 611 789 550 472 491 330 368 348 125 616 462 997 98 109 774 200 124 172 624 840 887 904 628 446 693 291 338 972 728 401 887 728 312 518 566 105 309 952 78 386 643 592 988 426 64
72 3581
971 761 816 571 61 518 119 757 825 540 832 55 479 881 909 200 450 988 760 410 700 947 371 617 34 579 51 844 127 160 15 523 431 425 185 604 157 280 582 539 670 472 722 919 537 164 956 301 590 592 101 239 83 393 837 949 110 918 968 609 620 104 721 36 347 824 650 808 348 405 384 326
389 624 34 914 637 192 331 215 78 235 543 168 652 726 48 733 513 448 811 624 557 931 720 689 870 87 75 41 273 860 191 674 363 123 365 658 88 335 796 864 92 114 764 865 474 296 943 532 227 220 69 989 895 742 45 286 148 784 531 883 288 858 68 371 253 261 691 629 697 195 56 601
82 4296
578 784 113 958 320 522 382 875 161 384 334 542 996 799 554 321 666 922 371 533 476 782 781 35 231 77 135 399 560 66 927 423 343 313 52 238 715 888 399 857 381 511 463 382 434 350 573 245 662 86 325 251 187 217 859 12 824 984 452 421 896 999 700 384 759 400 109 155 704 240 760 677 760 858 128 443 356 533 744 903 749 634
274 119 646 458 559 149 592 144 746 62 243 791 89 537 986 66 214 980 836 464 136 925 779 476 71 844 486 181 89 245 804 36 359 472 223 427 221 983 83 152 437 746 51 802 828 218 434 869 524 46 472 684 243 202 960 355 663 844 541 312 475 369 157 967 252 594 259 538 60 755 285 294 746 365 385 623 958 718 236 267 27 760
31 1238
91 950 679 257 18 434 333 371 972 286 364 816 237 886 105 227 659 962 646 709 346 604 314 543 869 648 587 430 307 425 927
324 843 52 451 696 629 128 171 11 914 378 454 495 227 603 701 422 692 707 766 504 995 120 786 664 725 84 338 418 691 340
62 1126
665 911 241 958 952 973 554 178 798 614 984 84 750 312 206 279 189 859 881 133 715 765 864 604 167 868 567 837 232 945 349 752 167 576 360 287 849 288 792 50 202 357 778 117 274 228 442 153 938 590 775 208 222 369 203 185 789 79 912 467 383 831
465 209 726 440 765 365 105 570 290 195 756 634 93 992 558 95 454 702 240 541 188 904 249 855 533 627 590 519 268 428 435 409 238 439 324 493 572 950 904 98 35 305 495 974 616 92 314 193 869 21 420 51 584 375 570 915 415 384 320 519 146 14
39 2912
393 534 579 410 329 376 302 251 217 472 499 492 419 208 748 43 429 373 904 917 897 300 277 656 482 994 199 871 128 957 702 547 561 84 802 151 135 994 822
366 729 1000 926 765 986 328 715 385 647 168 298 566 213 437 669 819 80 632 620 869 631 96 701 313 370 577 81 353 333 660 753 107 468 614 127 781 186 983
52 4398
952 302 446 864 233 107 787 589 532 456 959 577 140 665 77 957 43 39 839 152 817 259 88 759 210 228 680 301 386 389 213 537 770 788 392 98 926 472 487 775 185 940 860 247 652 116 606 187 91 668 526 251
738 340 226 967 629 866 284 558 241 778 826 713 514 161 45 300 819 476 139 631 951 90 38 808 545 315 328 596 630 113 914 943 873 124 512 300 318 94 771 195 924 978 69 731 199 39 672 23 568 805 830 42
90 2584
557 893 721 218 173 951 881 986 684 726 168 868 805 245 834 734 179 317 885 765 266 510 33 265 935 83 575 123 106 114 473 724 295 411 443 324 598 943 951 558 68 57 982 428 786 537 468 670 581 919 996 668 105 603 916 97 166 89 499 523 579 106 63 348 567 838 114 894 796 397 650 75 65 766 370 477 460 653 670 366 357 302 788 779 274 998 873 187 140 132
341 191 135 996 357 564 877 365 77 268 477 954 970 292 955 18 486 471 741 396 616 299 929 117 830 259 692 236 697 111 727 781 545 48 539 227 275 811 604 635 432 211 261 625 724 987 312 701 956 617 189 497 368 357 918 909 350 805 306 452 91 143 179 117 18 581 18 728 325 537 583 603 330 467 296 227 405 461 637 340 957 93 950 632 973 737 205 438 901 109
23 2145
732 471 391 954 87 252 678 1000 19 391 633 990 949 640 258 515 798 288 836 804 900 512 933
510 407 952 722 305 320 579 457 760 138 795 849 253 346 259 193 276 647 632 740 124 748 792
94 2383
211 77 779 480 650 574 450 72 602 524 415 319 53 225 980 742 675 34 120 995 930 666 813 792 627 538 73 576 102 149 451 188 216 928 505 413 610 722 719 85 125 569 762 963 999 185 377 198 844 282 806 209 336 215 453 857 57 785 47 742 235 571 635 457 997 288 226 49 342 962 606 362 702 330 941 428 47 964 775 245 826 178 823 747 376 377 813 100 117 176 74 293 232 417
454 405 850 661 516 597 46 271 487 846 894 444 593 157 67 251 957 753 701 451 936 993 531 406 147 662 801 95 820 565 121 373 977 957 845 901 838 483 267 357 459 526 242 671 521 193 912 254 319 925 644 56 491 699 428 601 396 64 116 947 154 501 863 400 30 394 958 360 824 790 804 711 343 306 72 182 609 264 894 68 855 797 628 332 690 295 137 732 253 809 723 476 868 418
39 5465
903 601 267 386 471 306 17 681 578 133 615 435 715 381 56 531 227 437 623 947 924 692 268 426 716 486 425 689 180 220 279 592 673 918 428 650 743 82 669
273 140 88 120 920 171 341 367 165 963 936 204 686 952 310 688 259 915 480 982 930 329 388 320 967 100 326 317 335 888 955 915 339 797 186 692 835 360 419
29 3308
74 745 126 718 408 126 812 374 404 428 690 947 756 894 975 941 363 115 490 619 131 85 343 507 972 576 277 282 661
186 571 725 39 828 151 639 282 608 303 869 241 892 312 500 82 211 964 763 584 523 513 209 42 159 768 66 697 253
57 6795
818 975 874 768 381 496 635 54 548 824 449 421 416 487 909 743 957 359 342 153 497 827 43 795 184 581 583 341 616 522 131 396 549 641 372 394 59 183 49 855 556 318 613 634 449 40 962 167 263 73 692 864 259 246 127 707 489
50 604 246 208 447 830 916 928 488 181 101 623 956 720 584 521 204 888 797 472 116 533 536 200 256 874 256 936 204 217 267 859 116 903 532 361 213 707 769 130 417 73 346 479 249 817 657 232 97 628 252 443 326 773 855 860 603
18 3371
151 975 560 201 379 632 211 821 892 138 264 696 267 810 956 61 527 577
483 914 147 188 616 783 736 607 647 337 528 399 757 555 106 986 109 551
21 3815
375 203 953 379 797 656 941 550 420 120 404 139 848 512 296 62 990 70 559 736 13
674 922 201 388 334 939 579 886 480 387 970 814 892 602 430 822 813 545 87 259 361
99 5200
666 891 585 77 449 607 728 424 604 702 568 254 702 204 45 423 848 738 784 224 397 806 516 514 437 651 110 546 727 94 474 903 70 830 197 874 906 686 692 605 288 452 338 390 690 687 776 733 723 904 348 871 220 498 997 890 926 947 350 270 544 466 49 152 579 110 467 802 659 345 516 164 595 457 185 822 776 783 72 168 246 265 99 214 929 476 983 164 302 804 263 551 751 701 589 666 43 99 919
668 722 371 89 897 974 373 333 363 738 441 439 295 38 195 44 585 545 915 27 641 536 526 304 788 853 382 850 911 769 299 159 771 180 422 807 868 869 257 976 480 699 261 146 635 717 398 457 445 401 762 379 799 525 720 705 67 795 141 400 673 500 612 923 105 734 810 820 948 708 277 697 848 330 804 60 745 526 685 497 910 489 997 49 43 947 418 976 229 867 369 413 365 544 956 177 917 373 717
55 4130
723 15 923 130 637 217 673 313 966 477 976 703 950 886 538 85 595 644 895 330 713 132 894 734 128 954 104 191 496 175 56 832 943 349 676 147 991 562 319 50 173 298 304 19 385 933 197 298 137 944 311 993 420 434 290
380 453 143 883 440 965 860 835 569 405 287 634 425 213 599 624 604 338 779 524 718 906 320 672 385 840 82 138 647 613 856 633 213 639 447 882 696 996 250 757 773 217 329 60 871 537 925 261 777 577 84 486 885 912 859
39 3665
295 98 564 973 185 934 13 786 792 133 815 470 346 731 257 409 106 95 72 90 582 910 403 194 703 643 493 370 232 168 636 451 750 270 959 370 449 861 802
999 721 647 379 745 996 296 291 749 877 501 76 135 397 773 760 794 813 46 727 494 226 868 53 799 486 85 669 490 93 689 47 579 229 869 336 110 420 755
13 7770
170 789 638 669 474 302 864 291 417 247 644 185 521
99 434 668 457 617 491 886 423 331 658 474 107 779
18 5580
495 909 531 289 666 508 513 745 463 230 863 591 302 536 961 732 95 801
261 626 918 975 108 308 816 253 119 384 846 860 158 489 470 17 971 920
61 8322
510 192 947 161 432 665 164 215 388 240 647 30 21 678 736 476 365 360 295 883 591 430 258 614 414 288 38 361 726 164 842 633 617 905 283 255 257 311 294 176 873 958 852 152 415 470 657 916 590 749 208 329 595 381 513 940 351 906 419 823 957
453 230 577 100 899 634 630 156 448 281 432 573 961 28 717 586 867 434 343 879 276 366 719 849 231 112 170 395 656 907 338 768 892 139 714 277 354 544 79 164 246 310 407 592 782 1000 645 194 790 902 970 703 697 921 578 311 1000 324 609 638 214
81 3159
767 119 664 141 557 919 886 124 440 499 657 531 416 447 704 99 700 977 521 366 500 780 492 468 636 675 239 209 855 42 482 98 201 373 806 937 619 69 891 366 174 345 314 938 596 457 871 687 322 611 620 369 178 470 16 614 428 442 32 898 294 882 657 790 912 165 553 638 311 609 237 765 60 938 541 592 764 112 212 910 860
400 836 150 514 386 877 212 495 334 470 946 255 96 46 241 604 18 683 53 445 974 31 446 519 301 24 141 917 876 155 21 479 489 215 79 572 738 938 99 771 420 631 21 31 673 151 255 566 295 883 102 317 969 735 77 607 547 713 249 39 36 493 198 527 860 73 832 477 231 388 777 521 801 286 966 469 935 45 124 530 597
24 3017
89 185 382 92 986 856 395 893 250 213 175 121 596 538 537 421 625 35 748 726 716 820 92 99
115 75 927 186 242 561 215 970 190 476 219 978 856 535 619 377 971 743 867 503 198 564 542 36
40 1626
120 169 70 548 605 581 949 345 578 443 861 749 189 307 231 313 54 710 522 714 948 280 704 254 522 633 156 227 903 281 807 22 18 78 981 386 397 432 73 813
287 562 201 766 426 284 884 922 833 96 418 673 942 608 992 133 503 849 421 440 645 880 304 382 125 102 425 474 811 455 699 228 404 263 749 253 994 480 119 746
91 7639
894 716 952 386 679 164 538 62 177 561 280 971 946 124 662 935 943 191 312 966 170 501 35 913 857 961 76 483 35 883 124 449 46 91 136 34 853 810 798 14 508 775 610 989 19 239 411 760 48 834 931 608 157 352 513 475 283 619 897 484 630 39 854 946 352 261 720 377 403 836 805 229 46 214 62 388 621 119 381 685 427 860 37 209 226 963 543 33 492 948 249
686 480 270 333 450 247 640 866 171 857 773 626 983 214 222 27 412 181 723 933 692 821 644 446 906 211 831 459 241 692 637 165 605 20 451 530 753 566 482 515 951 453 542 666 432 877 94 11 39 453 326 97 325 593 495 216 83 312 412 646 521 706 682 398 263 844 628 94 341 880 459 595 205 960 546 591 356 732 253 115 831 97 151 12 80 610 954 78 381 506 347
71 2049
976 828 600 582 951 633 887 530 581 880 746 580 860 872 702 415 78 856 532 594 20 619 385 114 375 615 61 882 148 965 812 278 576 61 420 216 199 682 463 418 471 310 997 468 379 109 655 129 826 512 364 316 312 845 278 543 205 977 495 879 742 995 799 577 287 177 491 700 788 770 580
944 85 312 685 61 318 197 353 663 549 437 493 494 239 230 284 58 934 408 217 765 992 834 671 814 613 31 953 14 935 94 368 826 763 411 428 147 951 879 237 69 700 295 14 550 34 134 151 281 248 771 538 443 664 368 944 212 596 890 452 599 212 599 394 429 399 259 645 638 643 302
13 8757
978 481 399 604 295 122 270 613 213 502 982 24 586
952 692 31 89 492 13 755 145 756 671 76 476 534
31 7689
1000 61 288 93 109 531 536 690 799 240 282 22 736 344 678 820 961 658 425 205 358 963 852 565 547 403 668 742 122 763 886
139 726 449 285 677 209 906 999 256 310 418 373 502 460 978 33 584 86 813 798 430 507 406 23 919 414 56 198 194 266 800
58 6170
482 61 324 859 343 319 277 242 826 767 80 742 329 50 843 150 289 449 135 263 259 917 422 338 594 712 505 120 378 336 830 799 402 346 686 573 793 387 718 414 558 100 275 278 413 385 440 854 108 165 173 902 50 567 978 420 520 975
107 683 638 88 664 692 593 860 308 502 963 587 707 344 758 675 293 293 16 687 515 182 426 944 913 634 833 530 323 200 588 820 46 220 855 903 640 641 443 246 354 102 680 821 505 508 966 380 801 839 439 783 969 876 25 385 722 85
48 2916
350 802 275 900 911 597 561 498 464 522 202 109 647 571 484 632 77 699 695 652 136 643 337 631 515 44 921 627 680 36 787 324 476 883 319 366 471 567 796 877 825 713 783 846 166 987 442 784
567 121 914 241 642 465 264 918 731 50 353 426 833 733 289 595 213 99 536 929 993 528 343 813 331 614 700 562 411 92 446 195 845 366 390 650 453 537 400 681 324 496 777 899 79 600 556 177
60 8332
915 623 41 738 779 398 459 922 19 614 354 546 902 488 863 956 232 796 819 153 355 871 569 202 466 674 334 496 769 316 118 650 820 333 865 325 42 357 700 853 857 959 106 713 61 552 273 929 833 270 558 157 649 299 958 569 336 145 196 150
32 411 681 57 382 239 728 62 48 752 151 628 358 150 414 797 651 294 805 615 380 37 816 260 339 181 584 929 87 975 584 242 835 884 952 683 101 208 695 579 65 590 274 970 978 192 586 568 174 553 919 556 690 648 110 34 188 286 811 32
50 2539
685 917 543 112 824 650 741 488 893 389 271 100 953 631 200 795 873 941 707 217 255 607 292 264 567 695 486 909 530 988 275 825 322 397 998 566 285 461 73 914 104 443 273 44 380 849 920 864 280 218
986 386 933 930 256 299 500 348 551 995 802 91 74 919 653 528 894 593 114 926 987 911 428 853 590 717 407 195 763 178 236 720 457 911 508 807 342 166 841 823 816 808 509 965 752 860 113 46 433 850
94 4871
603 383 347 311 180 273 906 222 987 876 335 668 175 980 993 22 970 358 592 837 745 354 412 418 686 156 546 223 530 841 799 374 170 800 763 335 695 763 556 116 644 727 813 719 25 412 533 547 357 160 482 655 414 855 177 609 795 774 479 505 738 995 917 135 217 157 54 229 541 507 112 62 47 850 71 596 119 542 142 602 156 329 494 595 420 501 559 142 880 114 659 698 235 188
721 518 257 884 900 143 817 730 29 650 766 72 218 581 681 268 732 693 807 120 65 544 191 683 823 603 124 214 104 762 991 703 674 501 960 150 383 787 966 517 857 894 385 669 539 19 379 794 46 642 244 358 954 248 565 551 627 22 650 715 447 223 445 494 51 652 394 356 89 944 448 465 868 712 813 544 860 791 669 393 869 577 531 268 609 402 417 376 122 695 791 656 598 350
91 5076
894 660 465 719 955 944 329 619 311 818 965 954 264 583 361 239 837 835 637 940 488 78 828 660 643 176 336 737 998 387 955 396 491 517 373 836 304 977 17 459 517 654 915 860 352 996 265 455 455 174 890 577 708 485 818 657 254 285 733 62 450 236 460 947 682 622 579 884 947 201 917 390 541 360 15 597 100 424 617 402 124 337 794 141 738 516 23 738 980 276 924
294 82 547 220 566 429 494 429 528 992 212 995 754 226 88 561 282 808 689 587 466 242 697 820 180 392 902 773 520 876 504 21 605 377 844 353 249 380 946 821 111 969 682 809 46 598 591 265 318 455 994 555 873 116 735 911 633 25 950 965 247 674 539 79 940 572 410 14 633 481 127 451 259 959 751 644 852 503 455 870 596 136 703 30 889 733 140 791 931 137 918
15 7423
207 554 355 344 847 172 652 705 182 553 360 293 297 801 410
449 470 56 233 891 498 425 821 110 303 96 644 386 979 823
45 6727
99 734 472 908 139 28 773 376 21 789 576 114 741 487 632 600 326 572 438 75 451 334 700 941 699 904 631 279 72 445 74 855 873 577 915 657 696 625 979 583 431 990 499 993 532
605 571 827 493 815 573 861 537 367 727 673 818 202 92 980 138 413 316 112 174 881 659 760 959 295 312 217 657 238 692 821 233 629 104 684 302 693 287 504 552 416 895 986 544 785
75 4838
574 925 504 153 202 865 531 398 99 200 508 381 134 192 504 937 752 781 809 754 264 522 794 403 732 835 920 227 453 905 890 583 133 252 450 731 281 750 636 613 606 372 948 132 774 642 937 486 764 951 824 855 593 725 994 57 573 246 840 144 128 107 864 350 782 291 676 449 722 370 261 946 165 409 739
445 819 694 689 778 776 91 983 646 411 52 656 933 305 507 613 145 136 126 265 580 275 620 343 20 547 460 842 234 71 857 593 544 194 750 111 926 248 781 850 710 621 822 708 520 304 755 812 956 846 824 565 180 278 876 315 389 752 474 917 164 78 142 946 382 602 431 223 426 671 312 511 78 434 125
14 8192
402 389 648 170 641 686 840 323 322 163 91 64 255 868
281 631 92 119 674 242 872 749 529 344 114 786 860 293
99 9704
995 166 870 151 937 463 675 286 730 779 976 612 779 948 937 228 686 420 655 814 552 341 816 55 507 241 59 302 342 258 865 725 966 375 443 150 141 488 20 505 738 111 576 947 335 30 423 906 286 582 573 832 885 834 844 573 892 360 255 390 94 986 886 101 897 682 178 454 602 117 813 351 645 137 479 843 1000 967 389 22 280 667 284 520 809 918 566 374 611 331 96 555 882 164 406 398 684 878 389
795 33 49 931 425 502 187 796 629 974 718 433 442 850 998 372 83 772 22 283 312 544 266 217 261 222 756 804 431 99 536 244 863 823 127 228 350 333 360 797 492 63 332 941 791 759 301 871 576 250 479 292 953 55 954 601 323 111 711 385 212 270 407 746 904 330 128 535 249 430 55 391 479 668 698 216 487 531 754 379 741 30 405 890 794 266 595 688 619 387 92 715 158 514 230 858 231 96 855
45 9077
166 429 525 108 859 758 616 943 62 158 708 167 920 415 90 814 782 142 455 890 416 876 691 793 124 30 487 690 789 369 302 24 77 851 11 930 406 575 339 908 215 760 150 979 184
869 856 223 292 736 224 442 277 28 684 971 836 213 273 922 526 531 933 297 963 469 584 397 688 345 256 424 238 528 609 509 655 81 304 416 429 330 564 422 668 681 670 44 204 76
18 3314
817 265 560 345 631 991 850 378 729 897 536 833 343 784 76 504 928 750
102 321 316 231 700 844 27 956 426 350 107 192 160 800 412 508 506 540
35 3428
656 821 364 613 61 614 19 459 946 690 315 171 134 858 938 440 996 400 381 987 909 668 617 720 391 790 72 448 800 469 756 720 981 345 841
486 483 826 809 51 408 555 720 24 875 381 672 352 475 608 412 941 897 975 884 419 751 152 771 995 776 124 646 890 575 303 158 751 579 563
24 7091
652 143 706 738 916 422 839 36 384 772 407 31 949 665 329 408 926 788 736 216 261 793 455 629
411 915 990 686 905 212 173 905 448 740 441 993 723 45 158 838 531 52 478 472 628 229 326 602
36 8728
195 374 168 13 820 183 23 186 883 396 31 565 701 909 989 925 905 494 664 306 193 913 971 246 261 555 484 563 537 209 789 722 586 497 413 574
469 570 182 832 576 217 389 642 409 788 742 320 430 763 111 685 992 783 219 931 11 485 867 791 891 994 580 259 496 835 716 625 475 29 21 480
19 8350
248 661 600 669 695 390 433 581 19 871 498 654 301 653 696 601 938 441 303
548 390 261 911 487 595 502 996 342 303 280 838 621 747 254 867 164 397 88
37 1367
644 954 983 25 519 592 38 382 940 141 827 508 732 154 364 859 552 848 180 902 54 451 712 859 244 251 874 455 337 498 444 703 856 245 729 63 618
700 334 137 26 825 727 415 582 410 379 28 197 531 602 884 726 876 87 619 567 799 553 235 947 196 134 524 610 145 269 630 783 691 442 306 116 960
65 7038
446 871 720 361 722 905 752 444 153 110 999 407 764 270 800 656 632 682 461 18 747 770 403 783 555 237 920 274 63 904 775 432 979 641 182 297 539 460 476 808 667 724 649 663 672 315 896 575 511 350 972 912 919 76 816 256 905 654 171 550 788 628 280 42 502
370 949 95 638 770 583 316 890 800 425 778 27 19 98 125 960 127 843 114 677 478 572 549 179 942 84 685 939 115 749 579 456 275 175 242 121 242 173 162 971 453 641 466 541 652 901 309 818 801 656 603 556 835 783 275 233 60 99 266 147 837 502 121 45 822
97 8887
956 864 492 835 317 453 250 272 757 628 918 338 158 941 916 248 98 21 754 904 298 784 562 696 912 518 509 391 605 762 460 944 161 469 881 529 853 342 701 577 104 839 16 195 780 165 762 116 429 281 949 326 839 412 262 836 682 57 223 330 942 88 791 566 295 963 948 887 889 413 298 210 86 409 12 149 574 428 50 124 986 109 914 871 980 156 877 80 764 659 260 739 302 238 894 457 249
497 274 73 167 921 829 708 821 745 119 252 49 772 934 319 808 579 560 496 92 200 447 227 480 966 216 823 259 632 807 983 398 499 789 791 656 691 840 870 738 394 614 937 56 894 639 784 20 503 667 707 956 290 892 935 930 619 948 265 945 253 588 853 418 723 531 280 109 392 577 223 643 388 855 149 704 250 769 645 427 479 397 619 758 36 689 908 146 948 512 318 854 218 711 600 677 240
43 4013
291 552 807 702 836 876 370 467 855 237 868 943 67 29 967 620 293 689 119 65 15 31 898 930 710 919 485 982 452 306 217 208 534 373 931 119 39 530 934 992 514 827 802
971 542 266 793 783 403 391 775 943 638 702 599 254 784 125 530 617 994 604 953 793 617 996 273 83 35 906 437 313 24 69 356 848 579 332 342 771 691 211 304 658 630 857
48 7119
899 818 592 236 483 34 422 447 657 155 553 552 820 298 993 569 273 329 923 827 781 668 450 725 902 689 837 822 681 678 509 240 926 292 739 505 762 577 485 988 326 398 150 334 711 875 635 320
706 171 258 105 660 237 835 278 336 536 69 406 291 653 242 198 581 63 762 339 992 753 997 57 431 169 332 442 489 453 829 781 819 789 286 983 519 981 594 728 614 706 565 394 143 586 25 626
72 6849
179 375 831 382 989 433 340 648 807 743 443 725 142 678 845 173 192 845 753 300 875 588 831 524 362 617 522 588 888 393 66 204 208 488 130 282 854 619 853 695 908 143 953 23 88 405 172 129 959 872 568 944 123 332 521 760 92 246 818 779 70 32 58 34 608 589 518 885 857 786 243 122
880 750 420 848 563 537 811 53 226 692 951 631 622 621 360 959 405 72 26 991 30 656 503 365 664 621 651 652 737 299 988 382 398 551 803 858 548 547 955 286 210 567 11 646 166 909 866 525 194 324 497 74 328 887 953 828 770 367 868 526 111 289 66 711 838 634 297 197 183 186 332 138
61 1704
608 503 486 835 626 605 157 871 227 158 596 718 319 19 452 927 610 573 843 484 939 303 332 42 857 105 768 779 197 269 903 294 648 22 512 20 748 321 908 30 81 705 831 918 918 260 247 170 109 172 909 993 382 888 404 824 277 250 704 362 867
405 409 239 906 122 432 151 704 247 220 807 820 497 909 460 466 465 219 255 583 97 729 427 564 194 612 307 501 407 740 423 521 34 404 127 867 247 505 819 507 911 931 497 330 599 78 279 185 500 58 109 81 242 402 51 134 465 840 608 111 854
53 1648
261 386 343 683 210 841 172 16 316 627 358 194 160 207 729 406 460 87 167 871 704 807 493 622 164 139 888 906 750 890 808 836 43 473 588 391 294 966 926 173 37 536 593 38 961 900 276 756 328 498 578 644 297
416 746 307 982 984 86 514 991 417 912 918 864 59 835 934 495 787 565 439 616 453 86 492 117 704 361 635 165 88 53 635 757 872 977 127 487 864 264 562 97 336 966 447 299 749 800 962 185 578 921 245 766 56
16 8695
948 526 913 720 689 641 943 897 616 223 976 199 880 180 199 527
494 71 391 442 424 839 517 249 419 223 136 690 238 762 255 233
21 6750
749 582 88 37 176 627 676 884 104 426 747 474 176 716 448 941 662 711 494 468 934
382 364 805 380 577 511 683 512 130 999 819 139 868 956 671 540 241 354 528 473 396
33 7424
206 478 898 1000 551 162 302 625 445 116 870 446 37 975 338 957 379 971 311 871 219 227 288 939 194 884 149 993 597 774 899 586 817
188 101 297 882 752 84 970 336 411 902 744 529 559 797 308 690 128 981 497 511 462 375 977 385 963 459 663 153 227 369 28 280 253
60 2164
669 467 421 37 237 979 409 727 578 564 634 192 222 946 871 155 511 94 85 485 505 603 395 900 672 674 58 392 553 224 169 602 85 242 256 971 783 577 827 331 68 724 528 43 151 71 709 806 80 200 712 310 856 357 150 504 290 654 565 848
246 577 706 363 367 308 63 935 59 269 913 89 931 458 108 842 387 27 227 548 45 261 628 766 572 614 904 460 877 273 60 521 568 831 37 634 148 384 661 621 826 760 212 742 323 363 143 751 466 202 49 759 412 433 28 146 196 711 472 373
91 3789
28 83 471 540 858 24 11 867 143 774 520 213 50 174 614 24 655 177 637 216 695 51 563 263 246 364 890 116 818 559 420 955 217 164 415 283 621 416 617 750 309 716 163 489 760 630 93 204 328 671 777 714 601 512 647 868 186 227 664 310 741 147 204 867 126 68 682 672 732 931 117 204 39 619 598 515 689 800 481 360 266 377 486 393 85 279 388 971 979 284 29
928 912 259 933 888 386 47 91 373 415 803 498 467 734 417 219 437 955 376 604 431 729 567 970 859 449 863 372 767 334 843 307 451 817 343 279 749 987 713 157 162 874 755 949 688 373 796 12 336 398 542 248 835 639 791 885 777 715 222 466 37 265 96 367 366 131 55 440 663 672 58 138 658 238 827 34 96 153 322 788 230 227 612 656 587 250 757 982 929 101 185
68 2726
258 944 686 408 115 641 516 429 215 394 702 627 594 179 251 182 721 294 904 270 263 304 868 369 60 824 258 51 494 408 112 314 144 111 475 250 239 194 769 328 931 129 555 753 759 257 405 939 197 878 326 738 128 632 486 61 121 26 599 970 809 363 49 608 97 914 646 489
571 472 741 228 713 110 704 69 537 931 268 64 907 721 819 567 627 741 870 410 924 423 449 511 748 916 966 443 927 691 750 866 281 278 935 476 476 247 991 219 620 201 964 588 768 604 706 304 285 177 775 473 336 572 946 482 906 465 609 412 724 401 756 67 416 701 240 18
76 8848
880 204 805 529 624 179 117 871 908 930 497 776 216 968 624 177 971 744 84 390 560 404 791 962 752 869 834 359 589 163 151 49 454 747 491 429 616 52 626 740 187 884 867 520 965 125 440 290 818 399 652 496 983 884 101 878 56 145 595 856 124 23 241 328 508 26 163 897 497 21 352 275 792 422 509 867
406 517 760 135 697 173 23 793 732 721 46 591 879 740 148 138 29 973 162 805 574 809 201 168 889 88 860 100 641 921 707 411 749 442 131 387 251 125 459 708 114 546 190 208 999 487 425 519 667 116 864 204 502 159 887 544 600 328 894 892 538 726 563 36 511 853 412 786 31 354 259 768 696 384 733 585
70 1931
879 656 594 974 168 76 261 216 321 873 689 812 924 817 524 292 169 37 361 910 838 638 913 889 490 813 754 739 140 559 447 911 953 306 708 618 995 745 43 883 557 305 306 595 579 174 755 12 306 721 148 549 289 198 915 613 138 199 312 810 289 611 783 491 983 525 698 756 668 121
58 311 581 976 555 904 125 615 621 409 763 126 681 84 669 372 165 908 264 271 955 278 628 981 60 986 308 888 716 411 119 130 44 549 265 570 131 667 866 81 519 954 431 63 73 507 558 842 785 722 541 896 873 194 754 685 518 399 245 983 887 369 428 382 158 904 563 943 381 382
76 5686
377 258 972 964 759 223 858 254 467 224 835 868 206 307 900 673 759 823 625 802 617 709 246 445 675 425 949 392 342 931 394 46 539 830 780 401 100 193 839 784 491 802 715 666 355 942 556 475 197 329 678 545 370 404 546 247 113 369 194 197 707 897 336 886 478 164 422 310 579 870 308 603 73 417 733 782
616 730 645 468 939 980 130 816 783 493 863 958 772 49 635 62 561 240 719 146 978 139 165 856 986 510 408 516 637 624 452 230 945 65 647 987 662 23 880 349 682 811 975 246 814 693 839 193 341 682 108 323 468 200 372 429 281 426 546 201 651 442 219 16 879 712 195 848 726 482 763 361 52 878 116 590
72 7424
66 710 164 73 482 706 270 118 115 796 465 923 768 85 986 406 186 560 519 66 446 802 137 660 190 98 933 399 930 464 822 52 542 157 809 300 299 637 142 592 544 962 742 510 377 358 353 692 596 706 929 950 132 471 595 875 849 204 777 844 464 882 192 503 334 550 754 271 247 811 657 373
627 235 384 452 203 80 954 813 503 300 373 925 110 131 357 196 76 733 973 107 266 636 331 337 669 947 29 855 464 97 827 326 316 212 120 317 239 847 849 219 46 680 353 804 789 810 474 97 249 862 11 615 52 558 598 60 302 713 520 136 734 790 671 162 259 816 358 446 218 351 599 277
46 4203
463 196 939 426 437 801 672 74 707 429 78 944 775 17 157 506 518 39 797 389 435 815 304 990 186 573 124 898 488 407 168 291 368 80 767 619 741 783 355 136 999 65 249 170 658 683
962 401 270 697 234 814 477 82 989 375 449 913 184 597 328 258 316 464 993 927 916 812 327 335 575 53 974 521 421 37 270 785 469 681 193 937 756 774 294 945 872 509 282 376 274 384
14 2117
34 336 364 913 398 285 630 968 137 325 695 502 96 423
641 671 188 746 76 264 652 123 586 380 289 459 77 331
67 7694
894 278 734 601 735 575 546 955 35 72 16 471 688 83 310 968 349 124 639 600 580 347 536 65 297 248 658 393 102 551 682 416 756 514 58 177 569 138 264 639 515 218 890 415 561 812 264 976 568 551 62 158 748 661 475 772 270 662 231 981 197 494 589 454 821 803 206
272 286 207 879 775 502 844 464 289 787 948 789 503 19 813 945 925 587 170 779 198 781 582 27 33 77 195 795 866 413 770 499 515 472 977 796 979 230 431 494 629 326 226 783 455 413 405 336 461 374 395 323 215 42 89 171 615 522 72 23 604 167 171 952 646 200 249
65 3008
744 760 267 199 186 835 875 608 910 139 422 883 653 173 398 183 648 289 683 159 694 34 409 72 641 677 780 710 300 168 595 157 542 380 246 49 460 500 52 500 198 860 124 165 756 201 664 410 65 343 299 265 918 763 768 717 133 133 881 169 880 682 684 738 714
846 895 349 616 685 522 225 943 184 435 47 674 472 132 74 236 337 817 859 502 352 61 681 334 278 72 572 433 140 787 540 195 874 201 782 988 170 178 826 192 16 169 203 81 565 236 890 851 586 962 292 11 248 760 838 776 907 133 903 300 147 625 565 515 301
50 4034
197 294 32 233 756 118 18 809 199 737 971 568 330 255 250 90 85 690 633 40 519 858 864 453 109 404 268 881 849 685 665 918 104 895 647 994 122 383 573 965 51 440 596 446 584 522 173 902 638 321
959 665 424 188 677 502 550 604 127 426 991 845 651 233 564 506 56 367 447 838 537 567 211 987 685 924 375 716 240 909 767 340 487 893 980 577 253 61 797 320 165 674 357 623 410 781 706 122 597 718
84 6018
199 514 932 114 383 786 963 201 552 477 532 448 194 940 126 172 868 34 694 597 687 87 266 884 685 708 825 128 993 907 362 620 929 822 62 988 167 849 263 356 511 282 358 31 507 588 765 917 726 740 646 782 265 653 378 451 37 149 392 499 505 550 616 72 39 32 271 423 65 702 866 417 114 117 549 640 414 371 286 731 302 821 936 998
89 457 77 160 984 829 734 992 621 306 791 461 677 951 736 761 156 591 234 937 341 179 977 838 237 782 650 735 565 317 134 857 704 215 646 978 101 528 870 464 399 401 285 993 937 651 411 862 360 619 111 329 193 82 403 362 447 985 670 994 501 266 48 450 919 310 723 937 789 299 390 721 134 823 200 714 795 376 694 71 750 750 279 998
85 8457
629 617 367 899 767 521 83 36 577 350 182 93 842 878 310 610 534 882 758 528 175 679 25 683 976 188 747 710 744 533 883 582 853 418 459 205 889 636 170 582 509 912 168 556 970 979 774 157 438 548 379 116 566 101 571 651 918 917 415 683 637 417 100 551 344 444 540 519 806 320 432 891 278 601 22 673 894 265 328 912 397 984 717 939 459
103 25 266 253 964 61 213 403 189 647 94 622 471 965 155 806 962 633 63 99 830 322 960 30 669 975 105 878 869 667 249 549 64 30 905 861 990 436 96 308 509 21 59 109 58 454 156 900 621 240 961 454 328 903 807 288 490 560 222 733 644 753 1000 68 980 51 586 834 955 554 194 146 982 568 512 566 236 248 337 825 656 695 227 113 381
76 3421
532 837 87 95 572 938 658 958 50 413 537 15 514 503 169 34 522 357 572 42 952 632 744 376 737 380 464 151 691 774 89 882 42 774 963 941 479 84 799 720 164 421 748 596 115 552 171 88 582 189 98 413 399 266 900 700 810 34 787 65 407 980 474 774 892 584 125 26 609 63 851 446 795 513 136 971
220 911 900 398 182 285 293 532 881 914 116 607 550 87 819 695 129 754 142 641 628 487 951 963 104 267 634 356 669 933 532 882 591 684 172 960 885 288 223 700 978 574 117 941 373 750 604 201 199 627 48 857 673 837 872 741 448 567 806 232 608 173 95 574 964 544 203 350 713 171 637 629 34 98 990 426
26 5531
183 618 139 422 503 568 988 831 188 612 328 424 92 808 864 719 843 399 549 653 483 68 578 636 494 47
829 525 492 812 168 53 483 520 533 738 278 466 172 892 284 952 481 963 925 499 325 934 635 920 313 858
56 6338
919 536 338 72 179 795 388 347 191 567 253 966 56 672 763 309 605 285 265 754 729 429 836 550 572 304 98 330 700 498 386 557 911 739 808 152 16 131 210 110 897 684 313 851 525 499 330 509 234 491 125 905 168 211 867 883
736 428 945 791 144 184 211 170 149 169 557 136 564 316 726 47 831 883 101 657 260 571 68 251 595 844 942 817 48 602 719 483 955 762 726 815 221 411 695 869 320 847 813 778 135 739 79 761 245 783 235 88 231 435 516 655
100 10000
400000 400000 400000 400000 400000 400000 400000 400000 400000 400000 400000 400000 400000 400000 400000 400000 400000 400000 400000 400000 400000 400000 400000 400000 400000 400000 400000 400000 400000 400000 400000 400000 400000 400000 400000 400000 400000 400000 400000 400000 400000 400000 400000 400000 400000 400000 400000 400000 400000 400000 400000 400000 400000 400000 400000 400000 400000 400000 400000 400000 400000 400000 400000 400000 400000 400000 400000 400000 400000 400000 400000 400000 400000 400000 400000 400000 400000 400000 400000 400000 400000 400000 400000 400000 400000 400000 400000 400000 400000 400000 400000 400000 400000 400000 400000 400000 400000 400000 400000 400000
1 1 1 1 1 1 1 1 1 1 1 1 1 1 1 1 1 1 1 1 1 1 1 1 1 1 1 1 1 1 1 1 1 1 1 1 1 1 1 1 1 1 1 1 1 1 1 1 1 1 1 1 1 1 1 1 1 1 1 1 1 1 1 1 1 1 1 1 1 1 1 1 1 1 1 1 1 1 1 1 1 1 1 1 1 1 1 1 1 1 1 1 1 1 1 1 1 1 1 1
100 10000
400000 400000 400000 400000 400000 400000 400000 400000 400000 400000 400000 400000 400000 400000 400000 400000 400000 400000 400000 400000 400000 400000 400000 400000 400000 400000 400000 400000 400000 400000 400000 400000 400000 400000 400000 400000 400000 400000 400000 400000 400000 400000 400000 400000 400000 400000 400000 400000 400000 400000 400000 400000 400000 400000 400000 400000 400000 400000 400000 400000 400000 400000 400000 400000 400000 400000 400000 400000 400000 400000 400000 400000 400000 400000 400000 400000 400000 400000 400000 400000 400000 400000 400000 400000 400000 400000 400000 400000 400000 400000 400000 400000 400000 400000 400000 400000 400000 400000 400000 400000
1 1 1 1 1 1 1 1 1 1 1 1 1 1 1 1 1 1 1 1 1 1 1 1 1 1 1 1 1 1 1 1 1 1 1 1 1 1 1 1 1 1 1 1 1 1 1 1 1 1 1 1 1 1 1 1 1 1 1 1 1 1 1 1 1 1 1 1 1 1 1 1 1 1 1 1 1 1 1 1 1 1 1 1 1 1 1 1 1 1 1 1 1 1 1 1 1 1 1 1
100 10000
400000 400000 400000 400000 400000 400000 400000 400000 400000 400000 400000 400000 400000 400000 400000 400000 400000 400000 400000 400000 400000 400000 400000 400000 400000 400000 400000 400000 400000 400000 400000 400000 400000 400000 400000 400000 400000 400000 400000 400000 400000 400000 400000 400000 400000 400000 400000 400000 400000 400000 400000 400000 400000 400000 400000 400000 400000 400000 400000 400000 400000 400000 400000 400000 400000 400000 400000 400000 400000 400000 400000 400000 400000 400000 400000 400000 400000 400000 400000 400000 400000 400000 400000 400000 400000 400000 400000 400000 400000 400000 400000 400000 400000 400000 400000 400000 400000 400000 400000 400000
1 1 1 1 1 1 1 1 1 1 1 1 1 1 1 1 1 1 1 1 1 1 1 1 1 1 1 1 1 1 1 1 1 1 1 1 1 1 1 1 1 1 1 1 1 1 1 1 1 1 1 1 1 1 1 1 1 1 1 1 1 1 1 1 1 1 1 1 1 1 1 1 1 1 1 1 1 1 1 1 1 1 1 1 1 1 1 1 1 1 1 1 1 1 1 1 1 1 1 1
