100
98 583 40
3 4 2
238 173 410
542 398 174
7 8 5
449 742 939
334 542 111
513 513 512
512 512 513
4 5 4
49 567 617
591 180 314
843 893 797
5 5 5
14 541 4
197 540 196
641 708 508
698 804 427
4 4 1
5 4 5
378 889 162
47 930 7
3 4 5
103 143 88
379 424 22
357 401 555
512 512 2
284 495 270
467 594 304
181 122 29
513 513 257
578 993 527
513 513 2
556 59 403
1 3 4
3 2 1
227 790 91
336 65 944
530 412 82
45 56 35
72 387 484
306 891 684
2 1 1
5 2 5
495 406 86
944 978 966
587 449 94
497 823 927
305 887 58
435 799 758
3 2 2
512 512 1
883 548 486
645 867 947
1000 1000 1
916 422 506
90 265 914
512 512 257
4 5 2
992 158 89
351 622 847
45 732 2
1 1 1000
794 676 942
460 901 345
223 388 205
967 254 125
639 546 600
535 115 174
439 193 511
655 309 89
269 237 9
74 967 50
438 4 863
513 849 512
441 212 221
699 708 817
625 596 828
740 476 719
958 590 355
194 905 46
5 1 2
4 1 4
513 513 1
1 3 1
513 513 256
1 3 1
342 63 51
75 270 21
5 3 2
4 5 2
512 512 256
5 4 1
1 2 1
5 2 4
1 3 3
1 1 1
64 708 41
943 450 146
646 227 137
