1 1 82 163 244
4 1 85 166 247
7 1 88 169 250
9 1 90 171 252
10 2 82 172 244
13 2 85 175 247
15 2 87 177 249
16 2 88 178 250
18 2 90 180 252
22 3 85 184 247
24 3 87 186 249
25 3 88 187 250
27 3 90 189 252
28 4 82 190 253
33 4 87 195 258
35 4 89 197 260
39 5 84 201 255
42 5 87 204 258
43 5 88 205 259
44 5 89 206 260
46 6 82 208 253
48 6 84 210 255
51 6 87 213 258
52 6 88 214 259
53 6 89 215 260
73 9 82 235 262
75 9 84 237 264
78 9 87 240 267
79 9 88 241 268
80 9 89 242 269
81 9 90 243 270
82 10 91 163 244
88 10 97 169 250
90 10 99 171 252
101 12 92 182 245
104 12 95 185 248
105 12 96 186 249
106 12 97 187 250
108 12 99 189 252
119 14 92 200 254
120 14 93 201 255
122 14 95 203 257
123 14 96 204 258
124 14 97 205 259
127 15 91 208 253
128 15 92 209 254
129 15 93 210 255
131 15 95 212 257
132 15 96 213 258
133 15 97 214 259
136 16 91 217 262
138 16 93 219 264
144 16 99 225 270
145 17 91 226 262
150 17 96 231 267
151 17 97 232 268
153 17 99 234 270
154 18 91 235 262
156 18 93 237 264
159 18 96 240 267
160 18 97 241 268
162 18 99 243 270
163 19 100 163 244
166 19 103 166 247
169 19 106 169 250
182 21 101 182 245
184 21 103 184 247
185 21 104 185 248
186 21 105 186 249
187 21 106 187 250
190 22 100 190 253
191 22 101 191 254
194 22 104 194 257
195 22 105 195 258
197 22 107 197 260
200 23 101 200 254
203 23 104 203 257
204 23 105 204 258
205 23 106 205 259
206 23 107 206 260
217 25 100 217 262
220 25 103 220 265
224 25 107 224 269
226 26 100 226 262
229 26 103 229 265
231 26 105 231 267
232 26 106 232 268
233 26 107 233 269
235 27 100 235 262
240 27 105 240 267
241 27 106 241 268
242 27 107 242 269
256 29 112 175 274
259 29 115 178 277
261 29 117 180 279
272 31 110 191 281
278 31 116 197 287
279 31 117 198 288
281 32 110 200 281
283 32 112 202 283
287 32 116 206 287
288 32 117 207 288
290 33 110 209 281
292 33 112 211 283
296 33 116 215 287
310 35 112 229 292
313 35 115 232 295
314 35 116 233 296
315 35 117 234 297
317 36 110 236 290
318 36 111 237 291
322 36 115 241 295
323 36 116 242 296
324 36 117 243 297
337 38 121 175 274
339 38 123 177 276
342 38 126 180 279
345 39 120 183 273
346 39 121 184 274
348 39 123 186 276
350 39 125 188 278
351 39 126 189 279
364 41 121 202 283
365 41 122 203 284
366 41 123 204 285
368 41 125 206 287
369 41 126 207 288
370 42 118 208 280
373 42 121 211 283
374 42 122 212 284
375 42 123 213 285
377 42 125 215 287
379 43 118 217 289
381 43 120 219 291
382 43 121 220 292
386 43 125 224 296
387 43 126 225 297
388 44 118 226 289
391 44 121 229 292
392 44 122 230 293
395 44 125 233 296
396 44 126 234 297
397 45 118 235 289
399 45 120 237 291
401 45 122 239 293
404 45 125 242 296
405 45 126 243 297
409 46 130 166 274
412 46 133 169 277
413 46 134 170 278
414 46 135 171 279
418 47 130 175 274
420 47 132 177 276
421 47 133 178 277
423 47 135 180 279
427 48 130 184 274
429 48 132 186 276
430 48 133 187 277
431 48 134 188 278
432 48 135 189 279
443 50 128 200 281
445 50 130 202 283
446 50 131 203 284
447 50 132 204 285
449 50 134 206 287
450 50 135 207 288
451 51 127 208 280
452 51 128 209 281
454 51 130 211 283
455 51 131 212 284
456 51 132 213 285
458 51 134 215 287
460 52 127 217 289
461 52 128 218 290
463 52 130 220 292
467 52 134 224 296
468 52 135 225 297
469 53 127 226 289
472 53 130 229 292
473 53 131 230 293
475 53 133 232 295
476 53 134 233 296
477 53 135 234 297
478 54 127 235 289
479 54 128 236 290
482 54 131 239 293
484 54 133 241 295
485 54 134 242 296
486 54 135 243 297
497 56 137 173 299
499 56 139 175 301
500 56 140 176 302
502 56 142 178 304
504 56 144 180 306
506 57 137 182 299
507 57 138 183 300
508 57 139 184 301
509 57 140 185 302
511 57 142 187 304
512 57 143 188 305
513 57 144 189 306
515 58 137 191 308
518 58 140 194 311
521 58 143 197 314
522 58 144 198 315
533 60 137 209 308
534 60 138 210 309
535 60 139 211 310
536 60 140 212 311
538 60 142 214 313
539 60 143 215 314
542 61 137 218 317
548 61 143 224 323
549 61 144 225 324
554 62 140 230 320
557 62 143 233 323
558 62 144 234 324
560 63 137 236 317
563 63 140 239 320
566 63 143 242 323
567 63 144 243 324
568 64 145 163 298
570 64 147 165 300
575 64 152 170 305
576 64 153 171 306
577 65 145 172 298
578 65 146 173 299
581 65 149 176 302
585 65 153 180 306
587 66 146 182 299
588 66 147 183 300
590 66 149 185 302
593 66 152 188 305
594 66 153 189 306
596 67 146 191 308
599 67 149 194 311
600 67 150 195 312
602 67 152 197 314
603 67 153 198 315
605 68 146 200 308
606 68 147 201 309
608 68 149 203 311
609 68 150 204 312
611 68 152 206 314
612 68 153 207 315
614 69 146 209 308
615 69 147 210 309
617 69 149 212 311
618 69 150 213 312
620 69 152 215 314
631 71 145 226 316
635 71 149 230 320
636 71 150 231 321
638 71 152 233 323
639 71 153 234 324
649 73 154 163 298
652 73 157 166 301
655 73 160 169 304
656 73 161 170 305
657 73 162 171 306
658 74 154 172 298
659 74 155 173 299
661 74 157 175 301
662 74 158 176 302
664 74 160 178 304
666 74 162 180 306
668 75 155 182 299
670 75 157 184 301
671 75 158 185 302
673 75 160 187 304
674 75 161 188 305
675 75 162 189 306
677 76 155 191 308
680 76 158 194 311
681 76 159 195 312
683 76 161 197 314
684 76 162 198 315
686 77 155 200 308
688 77 157 202 310
689 77 158 203 311
690 77 159 204 312
691 77 160 205 313
692 77 161 206 314
693 77 162 207 315
695 78 155 209 308
697 78 157 211 310
698 78 158 212 311
699 78 159 213 312
700 78 160 214 313
701 78 161 215 314
703 79 154 217 316
704 79 155 218 317
710 79 161 224 323
711 79 162 225 324
721 81 154 235 316
722 81 155 236 317
725 81 158 239 320
726 81 159 240 321
728 81 161 242 323
729 81 162 243 324
