0
10
10000000000000000000000000000000000000000000000000000000000000000000000000000000000000000000000000000
9409488245517115276142322168576189279543123
31138742779319865028602486509006138
6446066184963788291359840763615
20973726016575412001460717777335998182660380125094783512016406189841439880
278383710734965109968348499255333743808806819897228289078158612425
32653924618211976295200391819532525867722941
69825549125083939679976935766582544161633
13282536186214629150364929344059634288758125744444293
97873038252037297534321132535122264070340053
367500454956482
383148492070607056738492657
357983022367155402606111730048301290388577089307478371008345014562035666767719162
67651399592653244427923
9157858324115951064530891347463652810315522174823630352807225
908507905341048592541395827961771903417
83241290874568077431363019042
714820559328748143552689295945058801322270313370955837837939182801848609300
5635658394839764586155196454253268266394562535661446268255101517
802433628234343684739800880514363921982340231989891351425389287014819359
78014755509282450440511590838726938103384801541
83585690893606978941566666714061214952341523168827712604946036245
6121498245
79838698662382627578278020892820552767878160958900072552148646898355155840
6721499030350767836441955
67340881523
56662904931199555605946349053912881860
490221544425042127795540341229822785
794469856607272647132163832860126054679347881638
6172378585873310810924915733422012770241037395972028670818303620284183758170488136789
356630088230650972282944827258473
219028314310407
681407953823210407590
12098917330766028989994208787307642191603362214326054960827407601293851566889870791586394
78239485132816467796419263159702617625340755318880175059093542726722011759181786699
16584037831125762161157485649843253832706801
75363153403179035291261701522905183688616670498949875648687809569001355
81774670741218357147682302
68597134713712753445514126633008138169801393936554050655189622505252067280068306437052075618185
89265232122888740059953099511123397233048439249057476630908015103958962576385930251577941785
884238413041772131315150512215538928427584094435841033406755609835790487402
44166
2291249937658789771650132605744906119042197093331356
498839513628819813343927217617306025607209543256088157579
5727936381068765129561541385092133529048573303032110818728
43028255812498827179503401534232949249044985323017198832933283402012107668058895732220023
687728795929130819202475810071693037304323102771307036319561510973081
9717949800185089280851473616808657102835561493832337301487898979195896933141457
94638342789014073494568989970845693620
7516197350065182724522586983
80581507341564170406105525832785272
463159895495252230872837541829689816375
80122854677344918387971143529155679023198784443580294983504352
877440411540286814764987386280980496828479407481822146693813645220103873314561219180477
81981032503226336158219397213209274503297801
974399676209623035196792756824630918768403796227307307364674012446345020169379152441346887034467181
62311108910977451678393139
37520717067175481752175310005007864914808997999606380369
9044369189118635091082268977893056397743583336104742715722
936098964029032247745313343521698841457302777020086
10157327911403315830
30251040648956222174786002139241540668133105893898439969772523283385788
8512086553953548503508435812602216501773835132194230148661387944354
17756690709867320153565468158533287696463210587003734620116534953437
69154007123773339158880244336766148165968
891676371279471824881620485944499453217431907384269877487832193744435132809034944398538123898
40618187728236696513807616031043158954574467752688919805029602292673605217115326681586946628816
689790582697175164499615560750795685370752304985800977447592322319730437808812749193620720053577
13386445924424253234023720776175
8908574256588285276733569445969295
4783726910045636467639147500558869815606047864034100436105686767894510
767077462296564069629126470824100361798029
974775391296114986974825825619371320689939113482491439495216725180757429184481284673
485426646
904667581151190763445726562965321634905650653326606200520561049402664072668510021384350870535630299
39393025118337467194612825778420650560724440506626317555489981277921829799006425351978491987969
1474486514988734577513379653402498042615610504870817280119103232281
25626474
20543738056826812662430205105801382845723891622138566893576957700
19303761525953553668521026896258866167125249270049081001735695066236752566678645580044228650999387
719985231073885969311912468089504686733173134277336553609563329963551471799652237097695699358
2961845346415217548385231320008528871086322270847434446055372190888091678659805467640
9849464092912439977667939454698682675868243566264924296622565295744
39213373305451285601892738426763029399222
194846342833783759149176252286155962689064066354188447324325124950685419192322291750998980180684550
3054629325635728548928688859942998783130663408376605207368794808572429201501400574775283597896
10191601434796
275549420973377
5312642460352711496598784029058262969839570120765632
5588019456771836338359611943919260709387
8868306853986056389605991754884
47025688053437560610987953711731691427086497013119995935614395455037224305803
754088481778090002045421684666288527
42160760055844396368411554292405760447559184465104995875486026273159598974084720886023913793312562
5177056122610553312572171228094931414304873282398508351583716090531420
2904260524238505329737498880973076124286398
910962548531708046968522217859929695062523161022103550080164490925140215163082564
8521150517237309844950512406
29937056085791026909599114
91398434401741750958127096788485135
772464814866609799341407622862389373764130320234375207608689439330070
