1 2
3 1349527248
10 1704029416
13 92553991
14 74769139
23 993884622
105 418848360
152 388114141
700 2036769626
928 1008432681
2249 1
4881 1250979565
8738 1222140064
10092 272
13746 1
19740 901575148
28080 1
52922 4
55480 1
56647 3
63339 1
68532 414076716
82532 433314534
90471 1400792433
93227 864474018
94432 542204236
95089 569335882
95182 1
99424 912102336
99867 1334902457
99959 463972545
99962 1060257304
99966 854251729
99978 1801930503
99983 1374858641
99998 908988396

1 1547659712
5 898361283
7 853529395
32 1077226411
37 417682939
128 78979824
145 1898766589
391 276482748
961 4
1705 1
2157 243585790
5910 1
13131 1316638154
14036 1
15832 830560027
49747 1788146542
72195 59156171
76232 1
85325 2098100895
86918 1270834033
89036 3
90283 463143368
99193 1
99588 2079936525
99697 671156341
99978 1
99985 1768465883
99992 1014563215
99995 1254036163
99998 1972679278
99999 1664308739
100000 804159733

