4 1
8 1
12 1
16 2
20 1
24 1
28 1
32 2
36 1
40 1
44 1
48 2
52 1
56 1
60 1
64 3
68 1
72 1
76 1
80 2
84 1
88 1
92 1
96 2
100 1
104 1
108 1
112 2
116 1
120 1
124 1
128 3
132 1
136 1
140 1
144 2
148 1
152 1
156 1
160 2
164 1
168 1
172 1
176 2
180 1
184 1
188 1
192 3
196 1
200 1
204 1
208 2
212 1
216 1
220 1
224 2
228 1
232 1
236 1
240 2
244 1
248 1
252 1
256 4
260 1
264 1
268 1
272 2
276 1
280 1
284 1
288 2
292 1
296 1
300 1
304 2
308 1
312 1
316 1
320 3
324 1
328 1
332 1
336 2
340 1
344 1
348 1
352 2
356 1
360 1
364 1
368 2
372 1
376 1
380 1
384 3
388 1
392 1
396 1
400 2
404 1
408 1
412 1
416 2
420 1
424 1
428 1
432 2
436 1
440 1
444 1
448 3
452 1
456 1
460 1
464 2
468 1
472 1
476 1
480 2
484 1
488 1
492 1
496 2
500 1
504 1
508 1
512 4
516 1
520 1
524 1
528 2
532 1
536 1
540 1
544 2
548 1
552 1
556 1
560 2
564 1
568 1
572 1
576 3
580 1
584 1
588 1
592 2
596 1
600 1
604 1
608 2
612 1
616 1
620 1
624 2
628 1
632 1
636 1
640 3
644 1
648 1
652 1
656 2
660 1
664 1
668 1
672 2
676 1
680 1
684 1
688 2
692 1
696 1
700 1
704 3
708 1
712 1
716 1
720 2
724 1
728 1
732 1
736 2
740 1
744 1
748 1
752 2
756 1
760 1
764 1
768 4
772 1
776 1
780 1
784 2
788 1
792 1
796 1
800 2
804 1
808 1
812 1
816 2
820 1
824 1
828 1
832 3
836 1
840 1
844 1
848 2
852 1
856 1
860 1
864 2
868 1
872 1
876 1
880 2
884 1
888 1
892 1
896 3
900 1
904 1
908 1
912 2
916 1
920 1
924 1
928 2
932 1
936 1
940 1
944 2
948 1
952 1
956 1
960 3
964 1
968 1
972 1
976 2
980 1
984 1
988 1
992 2
996 1
1000 1
1004 1
1008 2
1012 1
1016 1
1020 1
1024 5
1028 1
1032 1
1036 1
1040 2
1044 1
1048 1
1052 1
1056 2
1060 1
1064 1
1068 1
1072 2
1076 1
1080 1
1084 1
1088 3
1092 1
1096 1
1100 1
1104 2
1108 1
1112 1
1116 1
1120 2
1124 1
1128 1
1132 1
1136 2
1140 1
1144 1
1148 1
1152 3
1156 1
1160 1
1164 1
1168 2
1172 1
1176 1
1180 1
1184 2
1188 1
1192 1
1196 1
1200 2
1204 1
1208 1
1212 1
1216 3
1220 1
1224 1
1228 1
1232 2
1236 1
1240 1
1244 1
1248 2
1252 1
1256 1
1260 1
1264 2
1268 1
1272 1
1276 1
1280 4
1284 1
1288 1
1292 1
1296 2
1300 1
1304 1
1308 1
1312 2
1316 1
1320 1
1324 1
1328 2
1332 1
1336 1
1340 1
1344 3
1348 1
1352 1
1356 1
1360 2
1364 1
1368 1
1372 1
1376 2
1380 1
1384 1
1388 1
1392 2
1396 1
1400 1
1404 1
1408 3
1412 1
1416 1
1420 1
1424 2
1428 1
1432 1
1436 1
1440 2
1444 1
1448 1
1452 1
1456 2
1460 1
1464 1
1468 1
1472 3
1476 1
1480 1
1484 1
1488 2
1492 1
1496 1
1500 1
1504 2
1508 1
1512 1
1516 1
1520 2
1524 1
1528 1
1532 1
1536 4
1540 1
1544 1
1548 1
1552 2
1556 1
1560 1
1564 1
1568 2
1572 1
1576 1
1580 1
1584 2
1588 1
1592 1
1596 1
1600 3
1604 1
1608 1
1612 1
1616 2
1620 1
1624 1
1628 1
1632 2
1636 1
1640 1
1644 1
1648 2
1652 1
1656 1
1660 1
1664 3
1668 1
1672 1
1676 1
1680 2
1684 1
1688 1
1692 1
1696 2
1700 1
1704 1
1708 1
1712 2
1716 1
1720 1
1724 1
1728 3
1732 1
1736 1
1740 1
1744 2
1748 1
1752 1
1756 1
1760 2
1764 1
1768 1
1772 1
1776 2
1780 1
1784 1
1788 1
1792 4
1796 1
1800 1
1804 1
1808 2
1812 1
1816 1
1820 1
1824 2
1828 1
1832 1
1836 1
1840 2
1844 1
1848 1
1852 1
1856 3
1860 1
1864 1
1868 1
1872 2
1876 1
1880 1
1884 1
1888 2
1892 1
1896 1
1900 1
1904 2
1908 1
1912 1
1916 1
1920 3
1924 1
1928 1
1932 1
1936 2
1940 1
1944 1
1948 1
1952 2
1956 1
1960 1
1964 1
1968 2
1972 1
1976 1
1980 1
1984 3
1988 1
1992 1
1996 1
2000 2
2004 1
2008 1
2012 1
2016 2
2020 1
2024 1
2028 1
2032 2
2036 1
2040 1
2044 1
2048 5
2052 1
2056 1
2060 1
2064 2
2068 1
2072 1
2076 1
2080 2
2084 1
2088 1
2092 1
2096 2
2100 1
2104 1
2108 1
2112 3
2116 1
2120 1
2124 1
2128 2
2132 1
2136 1
2140 1
2144 2
2148 1
2152 1
2156 1
2160 2
2164 1
2168 1
2172 1
2176 3
2180 1
2184 1
2188 1
2192 2
2196 1
2200 1
2204 1
2208 2
2212 1
2216 1
2220 1
2224 2
2228 1
2232 1
2236 1
2240 3
2244 1
2248 1
2252 1
2256 2
2260 1
2264 1
2268 1
2272 2
2276 1
2280 1
2284 1
2288 2
2292 1
2296 1
2300 1
2304 4
2308 1
2312 1
2316 1
2320 2
2324 1
2328 1
2332 1
2336 2
2340 1
2344 1
2348 1
2352 2
2356 1
2360 1
2364 1
2368 3
2372 1
2376 1
2380 1
2384 2
2388 1
2392 1
2396 1
2400 2
2404 1
2408 1
2412 1
2416 2
2420 1
2424 1
2428 1
2432 3
2436 1
2440 1
2444 1
2448 2
2452 1
2456 1
2460 1
2464 2
2468 1
2472 1
2476 1
2480 2
2484 1
2488 1
2492 1
2496 3
2500 1
2504 1
2508 1
2512 2
2516 1
2520 1
2524 1
2528 2
2532 1
2536 1
2540 1
2544 2
2548 1
2552 1
2556 1
2560 4
2564 1
2568 1
2572 1
2576 2
2580 1
2584 1
2588 1
2592 2
2596 1
2600 1
2604 1
2608 2
2612 1
2616 1
2620 1
2624 3
2628 1
2632 1
2636 1
2640 2
2644 1
2648 1
2652 1
2656 2
2660 1
2664 1
2668 1
2672 2
2676 1
2680 1
2684 1
2688 3
2692 1
2696 1
2700 1
2704 2
2708 1
2712 1
2716 1
2720 2
2724 1
2728 1
2732 1
2736 2
2740 1
2744 1
2748 1
2752 3
2756 1
2760 1
2764 1
2768 2
2772 1
2776 1
2780 1
2784 2
2788 1
2792 1
2796 1
2800 2
2804 1
2808 1
2812 1
2816 4
2820 1
2824 1
2828 1
2832 2
2836 1
2840 1
2844 1
2848 2
2852 1
2856 1
2860 1
2864 2
2868 1
2872 1
2876 1
2880 3
2884 1
2888 1
2892 1
2896 2
2900 1
2904 1
2908 1
2912 2
2916 1
2920 1
2924 1
2928 2
2932 1
2936 1
2940 1
2944 3
2948 1
2952 1
2956 1
2960 2
2964 1
2968 1
2972 1
2976 2
2980 1
2984 1
2988 1
2992 2
2996 1
3000 1
3004 1
3008 3
3012 1
3016 1
3020 1
3024 2
3028 1
3032 1
3036 1
3040 2
3044 1
3048 1
3052 1
3056 2
3060 1
3064 1
3068 1
3072 5
3076 1
3080 1
3084 1
3088 2
3092 1
3096 1
3100 1
3104 2
3108 1
3112 1
3116 1
3120 2
3124 1
3128 1
3132 1
3136 3
3140 1
3144 1
3148 1
3152 2
3156 1
3160 1
3164 1
3168 2
3172 1
3176 1
3180 1
3184 2
3188 1
3192 1
3196 1
3200 3
3204 1
3208 1
3212 1
3216 2
3220 1
3224 1
3228 1
3232 2
3236 1
3240 1
3244 1
3248 2
3252 1
3256 1
3260 1
3264 3
3268 1
3272 1
3276 1
3280 2
3284 1
3288 1
3292 1
3296 2
3300 1
3304 1
3308 1
3312 2
3316 1
3320 1
3324 1
3328 4
3332 1
3336 1
3340 1
3344 2
3348 1
3352 1
3356 1
3360 2
3364 1
3368 1
3372 1
3376 2
3380 1
3384 1
3388 1
3392 3
3396 1
3400 1
3404 1
3408 2
3412 1
3416 1
3420 1
3424 2
3428 1
3432 1
3436 1
3440 2
3444 1
3448 1
3452 1
3456 3
3460 1
3464 1
3468 1
3472 2
3476 1
3480 1
3484 1
3488 2
3492 1
3496 1
3500 1
3504 2
3508 1
3512 1
3516 1
3520 3
3524 1
3528 1
3532 1
3536 2
3540 1
3544 1
3548 1
3552 2
3556 1
3560 1
3564 1
3568 2
3572 1
3576 1
3580 1
3584 4
3588 1
3592 1
3596 1
3600 2
3604 1
3608 1
3612 1
3616 2
3620 1
3624 1
3628 1
3632 2
3636 1
3640 1
3644 1
3648 3
3652 1
3656 1
3660 1
3664 2
3668 1
3672 1
3676 1
3680 2
3684 1
3688 1
3692 1
3696 2
3700 1
3704 1
3708 1
3712 3
3716 1
3720 1
3724 1
3728 2
3732 1
3736 1
3740 1
3744 2
3748 1
3752 1
3756 1
3760 2
3764 1
3768 1
3772 1
3776 3
3780 1
3784 1
3788 1
3792 2
3796 1
3800 1
3804 1
3808 2
3812 1
3816 1
3820 1
3824 2
3828 1
3832 1
3836 1
3840 4
3844 1
3848 1
3852 1
3856 2
3860 1
3864 1
3868 1
3872 2
3876 1
3880 1
3884 1
3888 2
3892 1
3896 1
3900 1
3904 3
3908 1
3912 1
3916 1
3920 2
3924 1
3928 1
3932 1
3936 2
3940 1
3944 1
3948 1
3952 2
3956 1
3960 1
3964 1
3968 3
3972 1
3976 1
3980 1
3984 2
3988 1
3992 1
3996 1
4000 2
4004 1
4008 1
4012 1
4016 2
4020 1
4024 1
4028 1
4032 3
4036 1
4040 1
4044 1
4048 2
4052 1
4056 1
4060 1
4064 2
4068 1
4072 1
4076 1
4080 2
4084 1
4088 1
4092 1
4096 6
4100 1
4104 1
4108 1
4112 2
4116 1
4120 1
4124 1
4128 2
4132 1
4136 1
4140 1
4144 2
4148 1
4152 1
4156 1
4160 3
4164 1
4168 1
4172 1
4176 2
4180 1
4184 1
4188 1
4192 2
4196 1
4200 1
4204 1
4208 2
4212 1
4216 1
4220 1
4224 3
4228 1
4232 1
4236 1
4240 2
4244 1
4248 1
4252 1
4256 2
4260 1
4264 1
4268 1
4272 2
4276 1
4280 1
4284 1
4288 3
4292 1
4296 1
4300 1
4304 2
4308 1
4312 1
4316 1
4320 2
4324 1
4328 1
4332 1
4336 2
4340 1
4344 1
4348 1
4352 4
4356 1
4360 1
4364 1
4368 2
4372 1
4376 1
4380 1
4384 2
4388 1
4392 1
4396 1
4400 2
4404 1
4408 1
4412 1
4416 3
4420 1
4424 1
4428 1
4432 2
4436 1
4440 1
4444 1
4448 2
4452 1
4456 1
4460 1
4464 2
4468 1
4472 1
4476 1
4480 3
4484 1
4488 1
4492 1
4496 2
4500 1
4504 1
4508 1
4512 2
4516 1
4520 1
4524 1
4528 2
4532 1
4536 1
4540 1
4544 3
4548 1
4552 1
4556 1
4560 2
4564 1
4568 1
4572 1
4576 2
4580 1
4584 1
4588 1
4592 2
4596 1
4600 1
4604 1
4608 4
4612 1
4616 1
4620 1
4624 2
4628 1
4632 1
4636 1
4640 2
4644 1
4648 1
4652 1
4656 2
4660 1
4664 1
4668 1
4672 3
4676 1
4680 1
4684 1
4688 2
4692 1
4696 1
4700 1
4704 2
4708 1
4712 1
4716 1
4720 2
4724 1
4728 1
4732 1
4736 3
4740 1
4744 1
4748 1
4752 2
4756 1
4760 1
4764 1
4768 2
4772 1
4776 1
4780 1
4784 2
4788 1
4792 1
4796 1
4800 3
4804 1
4808 1
4812 1
4816 2
4820 1
4824 1
4828 1
4832 2
4836 1
4840 1
4844 1
4848 2
4852 1
4856 1
4860 1
4864 4
4868 1
4872 1
4876 1
4880 2
4884 1
4888 1
4892 1
4896 2
4900 1
4904 1
4908 1
4912 2
4916 1
4920 1
4924 1
4928 3
4932 1
4936 1
4940 1
4944 2
4948 1
4952 1
4956 1
4960 2
4964 1
4968 1
4972 1
4976 2
4980 1
4984 1
4988 1
4992 3
4996 1
5000 1
5004 1
5008 2
5012 1
5016 1
5020 1
5024 2
5028 1
5032 1
5036 1
5040 2
5044 1
5048 1
5052 1
5056 3
5060 1
5064 1
5068 1
5072 2
5076 1
5080 1
5084 1
5088 2
5092 1
5096 1
5100 1
5104 2
5108 1
5112 1
5116 1
5120 5
5124 1
5128 1
5132 1
5136 2
5140 1
5144 1
5148 1
5152 2
5156 1
5160 1
5164 1
5168 2
5172 1
5176 1
5180 1
5184 3
5188 1
5192 1
5196 1
5200 2
5204 1
5208 1
5212 1
5216 2
5220 1
5224 1
5228 1
5232 2
5236 1
5240 1
5244 1
5248 3
5252 1
5256 1
5260 1
5264 2
5268 1
5272 1
5276 1
5280 2
5284 1
5288 1
5292 1
5296 2
5300 1
5304 1
5308 1
5312 3
5316 1
5320 1
5324 1
5328 2
5332 1
5336 1
5340 1
5344 2
5348 1
5352 1
5356 1
5360 2
5364 1
5368 1
5372 1
5376 4
5380 1
5384 1
5388 1
5392 2
5396 1
5400 1
5404 1
5408 2
5412 1
5416 1
5420 1
5424 2
5428 1
5432 1
5436 1
5440 3
5444 1
5448 1
5452 1
5456 2
5460 1
5464 1
5468 1
5472 2
5476 1
5480 1
5484 1
5488 2
5492 1
5496 1
5500 1
5504 3
5508 1
5512 1
5516 1
5520 2
5524 1
5528 1
5532 1
5536 2
5540 1
5544 1
5548 1
5552 2
5556 1
5560 1
5564 1
5568 3
5572 1
5576 1
5580 1
5584 2
5588 1
5592 1
5596 1
5600 2
5604 1
5608 1
5612 1
5616 2
5620 1
5624 1
5628 1
5632 4
5636 1
5640 1
5644 1
5648 2
5652 1
5656 1
5660 1
5664 2
5668 1
5672 1
5676 1
5680 2
5684 1
5688 1
5692 1
5696 3
5700 1
5704 1
5708 1
5712 2
5716 1
5720 1
5724 1
5728 2
5732 1
5736 1
5740 1
5744 2
5748 1
5752 1
5756 1
5760 3
5764 1
5768 1
5772 1
5776 2
5780 1
5784 1
5788 1
5792 2
5796 1
5800 1
5804 1
5808 2
5812 1
5816 1
5820 1
5824 3
5828 1
5832 1
5836 1
5840 2
5844 1
5848 1
5852 1
5856 2
5860 1
5864 1
5868 1
5872 2
5876 1
5880 1
5884 1
5888 4
5892 1
5896 1
5900 1
5904 2
5908 1
5912 1
5916 1
5920 2
5924 1
5928 1
5932 1
5936 2
5940 1
5944 1
5948 1
5952 3
5956 1
5960 1
5964 1
5968 2
5972 1
5976 1
5980 1
5984 2
5988 1
5992 1
5996 1
6000 2
6004 1
6008 1
6012 1
6016 3
6020 1
6024 1
6028 1
6032 2
6036 1
6040 1
6044 1
6048 2
6052 1
6056 1
6060 1
6064 2
6068 1
6072 1
6076 1
6080 3
6084 1
6088 1
6092 1
6096 2
6100 1
6104 1
6108 1
6112 2
6116 1
6120 1
6124 1
6128 2
6132 1
6136 1
6140 1
6144 5
6148 1
6152 1
6156 1
6160 2
6164 1
6168 1
6172 1
6176 2
6180 1
6184 1
6188 1
6192 2
6196 1
6200 1
6204 1
6208 3
6212 1
6216 1
6220 1
6224 2
6228 1
6232 1
6236 1
6240 2
6244 1
6248 1
6252 1
6256 2
6260 1
6264 1
6268 1
6272 3
6276 1
6280 1
6284 1
6288 2
6292 1
6296 1
6300 1
6304 2
6308 1
6312 1
6316 1
6320 2
6324 1
6328 1
6332 1
6336 3
6340 1
6344 1
6348 1
6352 2
6356 1
6360 1
6364 1
6368 2
6372 1
6376 1
6380 1
6384 2
6388 1
6392 1
6396 1
6400 4
6404 1
6408 1
6412 1
6416 2
6420 1
6424 1
6428 1
6432 2
6436 1
6440 1
6444 1
6448 2
6452 1
6456 1
6460 1
6464 3
6468 1
6472 1
6476 1
6480 2
6484 1
6488 1
6492 1
6496 2
6500 1
6504 1
6508 1
6512 2
6516 1
6520 1
6524 1
6528 3
6532 1
6536 1
6540 1
6544 2
6548 1
6552 1
6556 1
6560 2
6564 1
6568 1
6572 1
6576 2
6580 1
6584 1
6588 1
6592 3
6596 1
6600 1
6604 1
6608 2
6612 1
6616 1
6620 1
6624 2
6628 1
6632 1
6636 1
6640 2
6644 1
6648 1
6652 1
6656 4
6660 1
6664 1
6668 1
6672 2
6676 1
6680 1
6684 1
6688 2
6692 1
6696 1
6700 1
6704 2
6708 1
6712 1
6716 1
6720 3
6724 1
6728 1
6732 1
6736 2
6740 1
6744 1
6748 1
6752 2
6756 1
6760 1
6764 1
6768 2
6772 1
6776 1
6780 1
6784 3
6788 1
6792 1
6796 1
6800 2
6804 1
6808 1
6812 1
6816 2
6820 1
6824 1
6828 1
6832 2
6836 1
6840 1
6844 1
6848 3
6852 1
6856 1
6860 1
6864 2
6868 1
6872 1
6876 1
6880 2
6884 1
6888 1
6892 1
6896 2
6900 1
6904 1
6908 1
6912 4
6916 1
6920 1
6924 1
6928 2
6932 1
6936 1
6940 1
6944 2
6948 1
6952 1
6956 1
6960 2
6964 1
6968 1
6972 1
6976 3
6980 1
6984 1
6988 1
6992 2
6996 1
7000 1
7004 1
7008 2
7012 1
7016 1
7020 1
7024 2
7028 1
7032 1
7036 1
7040 3
7044 1
7048 1
7052 1
7056 2
7060 1
7064 1
7068 1
7072 2
7076 1
7080 1
7084 1
7088 2
7092 1
7096 1
7100 1
7104 3
7108 1
7112 1
7116 1
7120 2
7124 1
7128 1
7132 1
7136 2
7140 1
7144 1
7148 1
7152 2
7156 1
7160 1
7164 1
7168 5
7172 1
7176 1
7180 1
7184 2
7188 1
7192 1
7196 1
7200 2
7204 1
7208 1
7212 1
7216 2
7220 1
7224 1
7228 1
7232 3
7236 1
7240 1
7244 1
7248 2
7252 1
7256 1
7260 1
7264 2
7268 1
7272 1
7276 1
7280 2
7284 1
7288 1
7292 1
7296 3
7300 1
7304 1
7308 1
7312 2
7316 1
7320 1
7324 1
7328 2
7332 1
7336 1
7340 1
7344 2
7348 1
7352 1
7356 1
7360 3
7364 1
7368 1
7372 1
7376 2
7380 1
7384 1
7388 1
7392 2
7396 1
7400 1
7404 1
7408 2
7412 1
7416 1
7420 1
7424 4
7428 1
7432 1
7436 1
7440 2
7444 1
7448 1
7452 1
7456 2
7460 1
7464 1
7468 1
7472 2
7476 1
7480 1
7484 1
7488 3
7492 1
7496 1
7500 1
7504 2
7508 1
7512 1
7516 1
7520 2
7524 1
7528 1
7532 1
7536 2
7540 1
7544 1
7548 1
7552 3
7556 1
7560 1
7564 1
7568 2
7572 1
7576 1
7580 1
7584 2
7588 1
7592 1
7596 1
7600 2
7604 1
7608 1
7612 1
7616 3
7620 1
7624 1
7628 1
7632 2
7636 1
7640 1
7644 1
7648 2
7652 1
7656 1
7660 1
7664 2
7668 1
7672 1
7676 1
7680 4
7684 1
7688 1
7692 1
7696 2
7700 1
7704 1
7708 1
7712 2
7716 1
7720 1
7724 1
7728 2
7732 1
7736 1
7740 1
7744 3
7748 1
7752 1
7756 1
7760 2
7764 1
7768 1
7772 1
7776 2
7780 1
7784 1
7788 1
7792 2
7796 1
7800 1
7804 1
7808 3
7812 1
7816 1
7820 1
7824 2
7828 1
7832 1
7836 1
7840 2
7844 1
7848 1
7852 1
7856 2
7860 1
7864 1
7868 1
7872 3
7876 1
7880 1
7884 1
7888 2
7892 1
7896 1
7900 1
7904 2
7908 1
7912 1
7916 1
7920 2
7924 1
7928 1
7932 1
7936 4
7940 1
7944 1
7948 1
7952 2
7956 1
7960 1
7964 1
7968 2
7972 1
7976 1
7980 1
7984 2
7988 1
7992 1
7996 1
8000 3
8004 1
8008 1
8012 1
8016 2
8020 1
8024 1
8028 1
8032 2
8036 1
8040 1
8044 1
8048 2
8052 1
8056 1
8060 1
8064 3
8068 1
8072 1
8076 1
8080 2
8084 1
8088 1
8092 1
8096 2
8100 1
8104 1
8108 1
8112 2
8116 1
8120 1
8124 1
8128 3
8132 1
8136 1
8140 1
8144 2
8148 1
8152 1
8156 1
8160 2
8164 1
8168 1
8172 1
8176 2
8180 1
8184 1
8188 1
8192 6
8196 1
8200 1
8204 1
8208 2
8212 1
8216 1
8220 1
8224 2
8228 1
8232 1
8236 1
8240 2
8244 1
8248 1
8252 1
8256 3
8260 1
8264 1
8268 1
8272 2
8276 1
8280 1
8284 1
8288 2
8292 1
8296 1
8300 1
8304 2
8308 1
8312 1
8316 1
8320 3
8324 1
8328 1
8332 1
8336 2
8340 1
8344 1
8348 1
8352 2
8356 1
8360 1
8364 1
8368 2
8372 1
8376 1
8380 1
8384 3
8388 1
8392 1
8396 1
8400 2
8404 1
8408 1
8412 1
8416 2
8420 1
8424 1
8428 1
8432 2
8436 1
8440 1
8444 1
8448 4
8452 1
8456 1
8460 1
8464 2
8468 1
8472 1
8476 1
8480 2
8484 1
8488 1
8492 1
8496 2
8500 1
8504 1
8508 1
8512 3
8516 1
8520 1
8524 1
8528 2
8532 1
8536 1
8540 1
8544 2
8548 1
8552 1
8556 1
8560 2
8564 1
8568 1
8572 1
8576 3
8580 1
8584 1
8588 1
8592 2
8596 1
8600 1
8604 1
8608 2
8612 1
8616 1
8620 1
8624 2
8628 1
8632 1
8636 1
8640 3
8644 1
8648 1
8652 1
8656 2
8660 1
8664 1
8668 1
8672 2
8676 1
8680 1
8684 1
8688 2
8692 1
8696 1
8700 1
8704 4
8708 1
8712 1
8716 1
8720 2
8724 1
8728 1
8732 1
8736 2
8740 1
8744 1
8748 1
8752 2
8756 1
8760 1
8764 1
8768 3
8772 1
8776 1
8780 1
8784 2
8788 1
8792 1
8796 1
8800 2
8804 1
8808 1
8812 1
8816 2
8820 1
8824 1
8828 1
8832 3
8836 1
8840 1
8844 1
8848 2
8852 1
8856 1
8860 1
8864 2
8868 1
8872 1
8876 1
8880 2
8884 1
8888 1
8892 1
8896 3
8900 1
8904 1
8908 1
8912 2
8916 1
8920 1
8924 1
8928 2
8932 1
8936 1
8940 1
8944 2
8948 1
8952 1
8956 1
8960 4
8964 1
8968 1
8972 1
8976 2
8980 1
8984 1
8988 1
8992 2
8996 1
9000 1
9004 1
9008 2
9012 1
9016 1
9020 1
9024 3
9028 1
9032 1
9036 1
9040 2
9044 1
9048 1
9052 1
9056 2
9060 1
9064 1
9068 1
9072 2
9076 1
9080 1
9084 1
9088 3
9092 1
9096 1
9100 1
9104 2
9108 1
9112 1
9116 1
9120 2
9124 1
9128 1
9132 1
9136 2
9140 1
9144 1
9148 1
9152 3
9156 1
9160 1
9164 1
9168 2
9172 1
9176 1
9180 1
9184 2
9188 1
9192 1
9196 1
9200 2
9204 1
9208 1
9212 1
9216 5
9220 1
9224 1
9228 1
9232 2
9236 1
9240 1
9244 1
9248 2
9252 1
9256 1
9260 1
9264 2
9268 1
9272 1
9276 1
9280 3
9284 1
9288 1
9292 1
9296 2
9300 1
9304 1
9308 1
9312 2
9316 1
9320 1
9324 1
9328 2
9332 1
9336 1
9340 1
9344 3
9348 1
9352 1
9356 1
9360 2
9364 1
9368 1
9372 1
9376 2
9380 1
9384 1
9388 1
9392 2
9396 1
9400 1
9404 1
9408 3
9412 1
9416 1
9420 1
9424 2
9428 1
9432 1
9436 1
9440 2
9444 1
9448 1
9452 1
9456 2
9460 1
9464 1
9468 1
9472 4
9476 1
9480 1
9484 1
9488 2
9492 1
9496 1
9500 1
9504 2
9508 1
9512 1
9516 1
9520 2
9524 1
9528 1
9532 1
9536 3
9540 1
9544 1
9548 1
9552 2
9556 1
9560 1
9564 1
9568 2
9572 1
9576 1
9580 1
9584 2
9588 1
9592 1
9596 1
9600 3
9604 1
9608 1
9612 1
9616 2
9620 1
9624 1
9628 1
9632 2
9636 1
9640 1
9644 1
9648 2
9652 1
9656 1
9660 1
9664 3
9668 1
9672 1
9676 1
9680 2
9684 1
9688 1
9692 1
9696 2
9700 1
9704 1
9708 1
9712 2
9716 1
9720 1
9724 1
9728 4
9732 1
9736 1
9740 1
9744 2
9748 1
9752 1
9756 1
9760 2
9764 1
9768 1
9772 1
9776 2
9780 1
9784 1
9788 1
9792 3
9796 1
9800 1
9804 1
9808 2
9812 1
9816 1
9820 1
9824 2
9828 1
9832 1
9836 1
9840 2
9844 1
9848 1
9852 1
9856 3
9860 1
9864 1
9868 1
9872 2
9876 1
9880 1
9884 1
9888 2
9892 1
9896 1
9900 1
9904 2
9908 1
9912 1
9916 1
9920 3
9924 1
9928 1
9932 1
9936 2
9940 1
9944 1
9948 1
9952 2
9956 1
9960 1
9964 1
9968 2
9972 1
9976 1
9980 1
9984 4
9988 1
9992 1
9996 1
10000 2
10004 1
10008 1
